  -0.0562216
 -0.00906052
  0.00565913
  -0.0104132
   0.0277176
 0.000222995
  0.00536935
  -0.0142596
  0.00681871
   0.0195537
  -0.0057036
 -0.00159573
  0.00657931
  -0.0880967
   -0.012577
   0.0404314
  -0.0254997
   0.0072702
  -0.0221116
-0.000811339
   0.0236974
   0.0033536
    0.011957
  -0.0152528
   0.0100187
-0.000211634
  -0.0249832
  0.00916661
  -0.0269595
  0.00573613
  -0.0249858
  -0.0109735
   0.0229418
 -0.00325493
  0.00923866
  -0.0117687
  0.00310828
  -0.0233508
   0.0182969
   -0.010235
  0.00520285
 -0.00958616
 -0.00175549
   0.0799819
  -0.0382204
   0.0141879
   0.0358283
  -0.0372582
-3.58966e-05
 -0.00842463
 -0.00870934
  -0.0221169
   0.0215875
   0.0197909
 -0.00181374
   0.0349841
  -0.0166569
   -0.020657
   0.0605254
  0.00362435
    0.338747
    0.337066
   -0.125032
    0.127281
    0.042522
   -0.131313
-0.000725255
    0.541535
   -0.260769
    0.164803
    0.223638
    -0.12307
 -0.00330162
   0.0255927
  -0.0888067
   -0.131529
    0.360133
 -0.00682286
    -0.22693
  0.00975955
  -0.0795741
   -0.108719
  -0.0203408
  -0.0350919
   -0.266712
   0.0922409
    0.256207
  -0.0580143
   0.0519853
  -0.0251695
 -0.00126479
  -0.0241479
  0.00835749
   -0.070884
   -0.100878
   0.0737412
  -0.0338476
  -0.0111458
  -0.0212945
 -0.00694472
  -0.0404008
 -0.00100449
 -0.00532072
   -0.119015
   0.0231413
   0.0161464
  -0.0014992
  -0.0576745