Deltax0 is 
-6.64
 2.23
 2.27
-5.89
 3.33
  3.4
-5.65
 3.87
 4.59
-4.54
 4.85
 5.19
-6.49
 4.03
 4.62
 -7.1
 3.01
 3.12
-5.79
 3.73
 4.28
-8.17
 1.49
 1.24
 -5.9
 3.46
 3.83
-5.02
 2.13
 3.71
 -8.1
 2.69
 1.47
-3.94
 3.24
 2.64
-7.08
 1.97
 5.39
-7.76
  2.5
 2.93
-5.88
 2.55
  3.5
-5.44
 1.66
    3
-5.71
 1.95
 2.64
-5.94
 3.16
 4.83
-7.06
 3.08
 3.14
-5.23
 3.83
 3.37
-8.07
 2.09
 1.38
-6.81
  2.7
 2.33
-5.89
 3.59
 4.37
-7.27
    3
  3.1
-5.75
 3.69
 3.27
-5.97
  4.4
 4.76
-6.54
 3.78
  4.4
-7.29
0.403
0.223
-4.53
 3.92
 4.06
-5.82
  4.5
 4.82
-6.21
 2.96
 3.44
-5.73
 1.34
 3.22
-6.53
 2.92
 3.18
-5.91
    4
 4.41
-4.49
 4.52
 3.37
-6.72
 1.17
 1.68
Deltax1 is 
  -57
   19
 10.4
-41.8
 22.2
   34
-54.6
 17.6
 20.6
-41.4
 25.3
 30.7
-36.8
 26.9
 23.7
-40.5
   26
   23
-40.2
 13.7
 18.6
-49.7
 21.7
   22
-41.4
   18
 24.6
  -42
   31
 33.5
-46.1
 26.6
   31
-41.5
 24.3
   27
-47.9
   19
 16.4
-57.5
 10.5
 8.73
-49.8
 13.8
 37.9
-56.8
 14.7
 9.67
-35.3
   15
 26.1
-27.8
 22.8
 18.5
-51.2
 21.1
 21.8
-38.3
 11.7
 21.1
-51.3
 2.85
 1.56
-49.9
 21.2
 21.9
-40.3
 9.43
 22.6
-40.9
 31.7
 33.9
-47.3
 8.25
 11.8
-40.8
 26.3
 30.1
-31.6
 31.8
 23.7
-41.6
 28.2
   31
-41.4
 23.5
 23.9
-45.7
 28.4
 32.5
-39.8
 27.3
 32.3
-45.9
 20.5
 22.3
-31.9
 34.1
 36.5
-46.7
 15.7
 15.9
-31.9
 27.6
 28.6
-43.7
 20.9
 24.2
Deltax0 is 
-6.64
 2.23
 2.27
-5.88
 3.33
 3.41
-5.65
 3.87
  4.6
-4.54
 4.84
 5.19
-6.49
 4.02
 4.62
 -7.1
 3.01
 3.12
-5.79
 3.73
 4.28
-8.17
 1.49
 1.25
-5.89
 3.45
 3.84
-5.02
 2.12
 3.71
 -8.1
 2.69
 1.47
-3.94
 3.23
 2.64
-7.08
 1.97
 5.39
-7.76
  2.5
 2.93
-5.87
 2.55
  3.5
-5.44
 1.66
    3
-5.71
 1.94
 2.65
-5.94
 3.15
 4.83
-7.06
 3.08
 3.14
-5.23
 3.83
 3.38
-8.06
 2.08
 1.38
-6.81
  2.7
 2.34
-5.89
 3.59
 4.37
-7.27
 2.99
  3.1
-5.75
 3.69
 3.28
-5.97
  4.4
 4.76
-6.54
 3.78
 4.41
-7.29
  0.4
0.226
-4.53
 3.92
 4.06
-5.82
 4.49
 4.82
-6.21
 2.96
 3.44
-5.73
 1.33
 3.22
-6.53
 2.91
 3.18
-5.91
    4
 4.42
-4.49
 4.51
 3.37
-6.71
 1.17
 1.69
Deltax1 is 
  -57
   19
 10.4
-41.8
 22.2
   34
-54.6
 17.6
 20.6
-41.4
 25.3
 30.7
-36.8
 26.9
 23.7
-40.5
   26
   23
-40.2
 13.7
 18.6
-49.7
 21.7
   22
-41.3
   18
 24.6
  -42
   31
 33.5
  -46
 26.6
   31
-41.5
 24.3
   27
-47.9
   19
 16.4
-57.5
 10.5
 8.74
-49.8
 13.8
 37.9
-56.7
 14.7
 9.68
-35.3
   15
 26.1
-27.8
 22.8
 18.5
-51.2
 21.1
 21.8
-38.3
 11.7
 21.1
-51.3
 2.84
 1.56
-49.9
 21.2
 21.9
-40.3
 9.42
 22.6
-40.9
 31.7
 33.9
-47.2
 8.24
 11.8
-40.8
 26.3
 30.1
-31.6
 31.8
 23.7
-41.6
 28.2
   31
-41.4
 23.5
 23.9
-45.7
 28.4
 32.5
-39.8
 27.2
 32.3
-45.9
 20.5
 22.4
-31.9
 34.1
 36.5
-46.7
 15.7
 15.9
-31.9
 27.6
 28.6
-43.7
 20.9
 24.2
Deltax0 is 
-6.63
 2.22
 2.27
-5.88
 3.32
 3.41
-5.65
 3.86
  4.6
-4.54
 4.84
  5.2
-6.49
 4.02
 4.63
 -7.1
    3
 3.13
-5.79
 3.72
 4.29
-8.17
 1.48
 1.25
-5.89
 3.45
 3.84
-5.02
 2.12
 3.71
 -8.1
 2.68
 1.48
-3.94
 3.23
 2.65
-7.08
 1.96
 5.39
-7.76
 2.49
 2.94
-5.87
 2.55
  3.5
-5.44
 1.65
 3.01
-5.71
 1.94
 2.65
-5.94
 3.15
 4.84
-7.06
 3.07
 3.14
-5.23
 3.82
 3.38
-8.06
 2.08
 1.38
-6.81
 2.69
 2.34
-5.89
 3.58
 4.37
-7.27
 2.99
  3.1
-5.75
 3.68
 3.28
-5.97
 4.39
 4.77
-6.54
 3.77
 4.41
-7.29
0.395
0.231
-4.53
 3.91
 4.07
-5.82
 4.49
 4.82
-6.21
 2.96
 3.44
-5.73
 1.33
 3.22
-6.53
 2.91
 3.18
-5.91
    4
 4.42
-4.49
 4.51
 3.38
-6.71
 1.16
 1.69
Deltax1 is 
  -57
 18.9
 10.4
-41.8
 22.2
   34
-54.6
 17.6
 20.6
-41.4
 25.3
 30.7
-36.8
 26.9
 23.7
-40.5
   26
   23
-40.2
 13.7
 18.6
-49.7
 21.7
 22.1
-41.3
   18
 24.6
  -42
   31
 33.5
  -46
 26.6
   31
-41.5
 24.3
   27
-47.9
   19
 16.4
-57.5
 10.5
 8.75
-49.8
 13.8
 37.9
-56.7
 14.7
 9.69
-35.3
   15
 26.1
-27.7
 22.8
 18.6
-51.1
 21.1
 21.8
-38.3
 11.7
 21.1
-51.3
 2.84
 1.57
-49.9
 21.2
 21.9
-40.3
 9.41
 22.6
-40.9
 31.7
 33.9
-47.2
 8.23
 11.8
-40.7
 26.3
 30.1
-31.6
 31.8
 23.7
-41.6
 28.2
 31.1
-41.4
 23.4
 23.9
-45.7
 28.3
 32.5
-39.8
 27.2
 32.3
-45.9
 20.5
 22.4
-31.9
 34.1
 36.5
-46.7
 15.7
 15.9
-31.9
 27.6
 28.6
-43.7
 20.9
 24.2
Deltax0 is 
-6.63
 2.21
 2.28
-5.88
 3.31
 3.42
-5.65
 3.85
 4.61
-4.54
 4.83
  5.2
-6.49
 4.01
 4.63
 -7.1
 2.99
 3.13
-5.79
 3.71
 4.29
-8.17
 1.48
 1.26
-5.89
 3.44
 3.84
-5.02
 2.11
 3.72
 -8.1
 2.68
 1.48
-3.94
 3.22
 2.65
-7.08
 1.96
  5.4
-7.76
 2.49
 2.95
-5.87
 2.54
 3.51
-5.44
 1.64
 3.02
-5.71
 1.93
 2.66
-5.94
 3.14
 4.84
-7.06
 3.07
 3.15
-5.22
 3.82
 3.39
-8.06
 2.07
 1.39
-6.81
 2.68
 2.35
-5.89
 3.57
 4.38
-7.27
 2.98
 3.11
-5.75
 3.67
 3.29
-5.97
 4.38
 4.77
-6.54
 3.76
 4.42
-7.28
0.389
0.237
-4.53
  3.9
 4.07
-5.82
 4.48
 4.83
-6.21
 2.95
 3.45
-5.73
 1.32
 3.22
-6.53
  2.9
 3.19
-5.91
 3.99
 4.42
-4.49
  4.5
 3.38
-6.71
 1.15
  1.7
Deltax1 is 
  -57
 18.9
 10.4
-41.8
 22.2
   34
-54.6
 17.6
 20.6
-41.4
 25.3
 30.7
-36.8
 26.9
 23.7
-40.5
 25.9
   23
-40.2
 13.7
 18.6
-49.7
 21.7
 22.1
-41.3
 17.9
 24.6
  -42
   31
 33.5
  -46
 26.6
   31
-41.5
 24.3
   27
-47.9
   19
 16.4
-57.5
 10.5
 8.76
-49.8
 13.8
 37.9
-56.7
 14.7
  9.7
-35.3
   15
 26.1
-27.7
 22.8
 18.6
-51.1
 21.1
 21.8
-38.3
 11.7
 21.1
-51.3
 2.83
 1.58
-49.9
 21.2
   22
-40.3
 9.39
 22.6
-40.9
 31.6
 33.9
-47.2
 8.22
 11.8
-40.7
 26.2
 30.1
-31.6
 31.8
 23.7
-41.6
 28.2
 31.1
-41.4
 23.4
   24
-45.7
 28.3
 32.5
-39.8
 27.2
 32.3
-45.9
 20.5
 22.4
-31.9
 34.1
 36.5
-46.7
 15.7
 15.9
-31.9
 27.6
 28.6
-43.7
 20.8
 24.2
Deltax0 is 
-6.63
  2.2
 2.29
-5.88
 3.31
 3.42
-5.65
 3.84
 4.62
-4.54
 4.82
 5.21
-6.49
    4
 4.64
-7.09
 2.98
 3.14
-5.78
  3.7
  4.3
-8.17
 1.47
 1.26
-5.89
 3.43
 3.85
-5.02
  2.1
 3.73
 -8.1
 2.67
 1.49
-3.93
 3.21
 2.66
-7.08
 1.96
 5.41
-7.76
 2.48
 2.96
-5.87
 2.53
 3.51
-5.44
 1.63
 3.02
-5.71
 1.92
 2.67
-5.94
 3.13
 4.85
-7.06
 3.06
 3.16
-5.22
 3.82
 3.39
-8.06
 2.05
  1.4
-6.81
 2.67
 2.36
-5.89
 3.56
 4.39
-7.27
 2.96
 3.12
-5.75
 3.66
 3.29
-5.97
 4.37
 4.78
-6.54
 3.75
 4.42
-7.28
0.381
0.244
-4.53
 3.89
 4.08
-5.82
 4.47
 4.83
-6.21
 2.94
 3.46
-5.73
 1.31
 3.23
-6.53
 2.89
 3.19
-5.91
 3.98
 4.43
 -4.5
 4.49
 3.39
-6.71
 1.15
 1.71
Deltax1 is 
  -57
 18.9
 10.4
-41.8
 22.2
   34
-54.6
 17.5
 20.6
-41.4
 25.2
 30.7
-36.8
 26.9
 23.7
-40.5
 25.9
   23
-40.2
 13.7
 18.6
-49.7
 21.6
 22.1
-41.3
 17.9
 24.6
  -42
   31
 33.5
  -46
 26.6
   31
-41.5
 24.3
   27
-47.9
   19
 16.4
-57.5
 10.5
 8.77
-49.8
 13.8
 37.9
-56.7
 14.7
 9.71
-35.3
 14.9
 26.1
-27.7
 22.7
 18.6
-51.1
 21.1
 21.8
-38.2
 11.7
 21.1
-51.3
 2.81
 1.59
-49.9
 21.2
   22
-40.3
 9.37
 22.6
-40.9
 31.6
 33.9
-47.2
 8.21
 11.9
-40.7
 26.2
 30.1
-31.6
 31.8
 23.7
-41.6
 28.1
 31.1
-41.4
 23.4
   24
-45.6
 28.3
 32.5
-39.8
 27.2
 32.3
-45.9
 20.5
 22.4
-31.9
 34.1
 36.5
-46.7
 15.7
   16
-31.9
 27.6
 28.6
-43.7
 20.8
 24.2
Deltax0 is 
-6.63
 2.19
  2.3
-5.88
 3.29
 3.43
-5.65
 3.82
 4.63
-4.54
  4.8
 5.22
-6.49
 3.98
 4.65
-7.09
 2.97
 3.15
-5.78
 3.69
 4.31
-8.16
 1.45
 1.27
-5.88
 3.42
 3.86
-5.02
 2.09
 3.74
-8.09
 2.66
 1.49
-3.93
  3.2
 2.67
-7.07
 1.95
 5.42
-7.75
 2.47
 2.97
-5.86
 2.53
 3.52
-5.44
 1.62
 3.03
-5.71
 1.91
 2.68
-5.93
 3.13
 4.86
-7.06
 3.05
 3.16
-5.22
 3.81
  3.4
-8.05
 2.04
 1.41
-6.81
 2.66
 2.37
-5.89
 3.54
  4.4
-7.26
 2.95
 3.12
-5.74
 3.65
  3.3
-5.97
 4.36
 4.79
-6.54
 3.74
 4.43
-7.27
0.372
0.253
-4.53
 3.88
 4.09
-5.82
 4.45
 4.84
-6.21
 2.93
 3.46
-5.73
 1.29
 3.23
-6.52
 2.87
  3.2
-5.91
 3.97
 4.44
 -4.5
 4.48
  3.4
 -6.7
 1.14
 1.72
Deltax1 is 
  -57
 18.9
 10.4
-41.8
 22.2
   34
-54.6
 17.5
 20.7
-41.4
 25.2
 30.7
-36.8
 26.9
 23.8
-40.4
 25.9
 23.1
-40.2
 13.6
 18.6
-49.7
 21.6
 22.1
-41.3
 17.9
 24.6
  -42
 30.9
 33.5
  -46
 26.6
   31
-41.4
 24.3
   27
-47.9
   19
 16.4
-57.5
 10.5
 8.78
-49.8
 13.8
 37.9
-56.7
 14.6
 9.72
-35.3
 14.9
 26.1
-27.7
 22.7
 18.6
-51.1
   21
 21.8
-38.2
 11.6
 21.2
-51.3
  2.8
 1.61
-49.9
 21.1
   22
-40.3
 9.35
 22.6
-40.9
 31.6
 33.9
-47.2
 8.19
 11.9
-40.7
 26.2
 30.1
-31.6
 31.7
 23.7
-41.6
 28.1
 31.1
-41.4
 23.4
   24
-45.6
 28.3
 32.5
-39.8
 27.2
 32.4
-45.9
 20.5
 22.4
-31.9
 34.1
 36.5
-46.7
 15.7
   16
-31.9
 27.5
 28.6
-43.7
 20.8
 24.2
Deltax0 is 
-6.63
 2.18
 2.31
-5.87
 3.28
 3.44
-5.65
 3.81
 4.64
-4.54
 4.79
 5.23
-6.49
 3.97
 4.66
-7.09
 2.95
 3.16
-5.78
 3.68
 4.32
-8.16
 1.44
 1.28
-5.88
  3.4
 3.87
-5.03
 2.07
 3.75
-8.09
 2.65
  1.5
-3.93
 3.19
 2.68
-7.07
 1.95
 5.43
-7.75
 2.47
 2.98
-5.86
 2.52
 3.53
-5.44
 1.61
 3.04
-5.71
  1.9
 2.69
-5.93
 3.11
 4.87
-7.05
 3.04
 3.17
-5.21
  3.8
 3.41
-8.05
 2.02
 1.42
-6.81
 2.64
 2.38
-5.89
 3.53
 4.41
-7.26
 2.93
 3.13
-5.74
 3.64
 3.31
-5.97
 4.34
  4.8
-6.54
 3.72
 4.44
-7.27
0.361
0.263
-4.54
 3.86
  4.1
-5.81
 4.44
 4.85
-6.21
 2.92
 3.47
-5.73
 1.28
 3.24
-6.52
 2.86
 3.21
 -5.9
 3.95
 4.45
 -4.5
 4.46
 3.41
 -6.7
 1.13
 1.73
Deltax1 is 
  -57
 18.9
 10.4
-41.7
 22.1
   34
-54.6
 17.5
 20.7
-41.4
 25.2
 30.8
-36.7
 26.9
 23.8
-40.4
 25.9
 23.1
-40.2
 13.6
 18.7
-49.7
 21.6
 22.1
-41.3
 17.9
 24.7
  -42
 30.9
 33.5
  -46
 26.5
   31
-41.4
 24.2
   27
-47.9
 18.9
 16.5
-57.5
 10.4
  8.8
-49.8
 13.8
 37.9
-56.7
 14.6
 9.74
-35.3
 14.9
 26.1
-27.7
 22.7
 18.6
-51.1
   21
 21.8
-38.2
 11.6
 21.2
-51.3
 2.78
 1.63
-49.9
 21.1
   22
-40.3
 9.32
 22.7
-40.9
 31.6
 33.9
-47.2
 8.17
 11.9
-40.7
 26.2
 30.2
-31.6
 31.7
 23.8
-41.6
 28.1
 31.1
-41.4
 23.4
   24
-45.6
 28.3
 32.5
-39.7
 27.1
 32.4
-45.9
 20.4
 22.4
-31.9
   34
 36.6
-46.7
 15.6
   16
-31.9
 27.5
 28.6
-43.7
 20.8
 24.2
Deltax0 is 
-6.62
 2.16
 2.32
-5.87
 3.27
 3.45
-5.66
 3.79
 4.65
-4.54
 4.77
 5.24
-6.49
 3.95
 4.67
-7.09
 2.93
 3.17
-5.77
 3.66
 4.32
-8.15
 1.42
 1.29
-5.87
 3.39
 3.88
-5.03
 2.06
 3.76
-8.09
 2.63
 1.51
-3.92
 3.18
  2.7
-7.07
 1.94
 5.44
-7.75
 2.46
    3
-5.85
 2.51
 3.53
-5.45
 1.59
 3.06
-5.71
 1.89
  2.7
-5.93
  3.1
 4.88
-7.05
 3.03
 3.19
-5.21
  3.8
 3.43
-8.04
 2.01
 1.43
 -6.8
 2.62
 2.39
-5.89
 3.51
 4.42
-7.26
 2.91
 3.14
-5.73
 3.62
 3.32
-5.97
 4.32
 4.81
-6.54
  3.7
 4.45
-7.26
0.349
0.274
-4.54
 3.84
 4.11
-5.81
 4.42
 4.86
 -6.2
  2.9
 3.48
-5.73
 1.26
 3.24
-6.52
 2.84
 3.22
 -5.9
 3.94
 4.45
 -4.5
 4.44
 3.42
 -6.7
 1.11
 1.74
Deltax1 is 
-56.9
 18.8
 10.4
-41.7
 22.1
   34
-54.5
 17.5
 20.7
-41.4
 25.1
 30.8
-36.7
 26.8
 23.8
-40.4
 25.9
 23.1
-40.2
 13.6
 18.7
-49.6
 21.6
 22.1
-41.3
 17.9
 24.7
  -42
 30.9
 33.5
  -46
 26.5
   31
-41.4
 24.2
   27
-47.9
 18.9
 16.5
-57.5
 10.4
 8.82
-49.8
 13.8
 37.9
-56.7
 14.6
 9.76
-35.3
 14.9
 26.1
-27.7
 22.7
 18.6
-51.1
   21
 21.9
-38.2
 11.6
 21.2
-51.2
 2.76
 1.65
-49.9
 21.1
   22
-40.3
 9.29
 22.7
-40.9
 31.5
 33.9
-47.2
 8.15
 11.9
-40.7
 26.1
 30.2
-31.6
 31.7
 23.8
-41.5
 28.1
 31.1
-41.4
 23.3
   24
-45.6
 28.2
 32.6
-39.7
 27.1
 32.4
-45.9
 20.4
 22.4
-31.9
   34
 36.6
-46.6
 15.6
   16
-31.9
 27.5
 28.6
-43.7
 20.8
 24.2
Deltax0 is 
-6.62
 2.15
 2.34
-5.86
 3.25
 3.46
-5.66
 3.77
 4.66
-4.54
 4.75
 5.25
-6.49
 3.93
 4.68
-7.09
 2.91
 3.18
-5.76
 3.65
 4.34
-8.15
  1.4
 1.31
-5.86
 3.37
 3.89
-5.03
 2.04
 3.77
-8.08
 2.62
 1.51
-3.91
 3.17
 2.71
-7.06
 1.93
 5.46
-7.74
 2.45
 3.01
-5.85
  2.5
 3.54
-5.45
 1.57
 3.07
-5.71
 1.88
 2.72
-5.93
 3.09
  4.9
-7.05
 3.02
  3.2
 -5.2
 3.79
 3.44
-8.04
 1.98
 1.44
 -6.8
  2.6
 2.41
-5.89
 3.49
 4.43
-7.26
 2.89
 3.16
-5.73
  3.6
 3.33
-5.96
  4.3
 4.83
-6.54
 3.68
 4.47
-7.25
0.335
0.287
-4.54
 3.82
 4.12
-5.81
  4.4
 4.87
 -6.2
 2.89
 3.49
-5.73
 1.24
 3.25
-6.52
 2.82
 3.23
 -5.9
 3.92
 4.46
 -4.5
 4.43
 3.43
-6.69
  1.1
 1.75
Deltax1 is 
-56.9
 18.8
 10.4
-41.7
 22.1
 34.1
-54.5
 17.5
 20.7
-41.4
 25.1
 30.8
-36.7
 26.8
 23.8
-40.4
 25.8
 23.1
-40.2
 13.6
 18.7
-49.6
 21.5
 22.1
-41.2
 17.8
 24.7
-41.9
 30.8
 33.6
  -46
 26.5
 31.1
-41.4
 24.2
   27
-47.9
 18.9
 16.5
-57.4
 10.4
 8.84
-49.7
 13.8
   38
-56.7
 14.6
 9.78
-35.3
 14.8
 26.2
-27.7
 22.6
 18.7
-51.1
 20.9
 21.9
-38.2
 11.6
 21.2
-51.2
 2.74
 1.67
-49.9
   21
   22
-40.3
 9.26
 22.7
-40.9
 31.5
   34
-47.2
 8.12
 11.9
-40.7
 26.1
 30.2
-31.6
 31.6
 23.8
-41.5
   28
 31.1
-41.3
 23.3
   24
-45.6
 28.2
 32.6
-39.7
 27.1
 32.4
-45.9
 20.4
 22.4
-31.9
 33.9
 36.6
-46.6
 15.6
   16
-31.8
 27.4
 28.6
-43.6
 20.7
 24.3
Deltax0 is 
-6.61
 2.13
 2.36
-5.86
 3.23
 3.47
-5.66
 3.75
 4.68
-4.53
 4.73
 5.27
-6.49
  3.9
 4.69
-7.09
 2.89
 3.19
-5.76
 3.63
 4.35
-8.14
 1.38
 1.32
-5.86
 3.35
  3.9
-5.03
 2.02
 3.79
-8.08
  2.6
 1.52
-3.91
 3.15
 2.73
-7.06
 1.93
 5.47
-7.74
 2.44
 3.03
-5.84
 2.49
 3.55
-5.45
 1.55
 3.09
-5.71
 1.86
 2.73
-5.93
 3.07
 4.91
-7.05
    3
 3.21
-5.19
 3.78
 3.45
-8.03
 1.96
 1.45
 -6.8
 2.58
 2.42
-5.89
 3.46
 4.45
-7.25
 2.87
 3.17
-5.73
 3.58
 3.34
-5.96
 4.28
 4.84
-6.54
 3.66
 4.48
-7.24
 0.32
0.302
-4.54
  3.8
 4.13
-5.81
 4.38
 4.88
 -6.2
 2.87
 3.51
-5.73
 1.22
 3.26
-6.51
  2.8
 3.24
 -5.9
  3.9
 4.48
 -4.5
  4.4
 3.44
-6.69
 1.08
 1.77
Deltax1 is 
-56.9
 18.8
 10.4
-41.7
   22
 34.1
-54.5
 17.5
 20.8
-41.4
 25.1
 30.8
-36.7
 26.8
 23.8
-40.4
 25.8
 23.1
-40.2
 13.5
 18.7
-49.6
 21.5
 22.2
-41.2
 17.8
 24.7
-41.9
 30.8
 33.6
  -46
 26.4
 31.1
-41.3
 24.2
 27.1
-47.9
 18.8
 16.5
-57.4
 10.4
 8.87
-49.7
 13.8
   38
-56.6
 14.5
 9.81
-35.3
 14.8
 26.2
-27.7
 22.6
 18.7
-51.1
 20.9
 21.9
-38.2
 11.5
 21.2
-51.2
 2.72
  1.7
-49.9
   21
   22
-40.3
 9.22
 22.7
-40.9
 31.4
   34
-47.2
  8.1
   12
-40.6
 26.1
 30.2
-31.6
 31.6
 23.8
-41.5
   28
 31.1
-41.3
 23.3
   24
-45.6
 28.1
 32.6
-39.7
   27
 32.4
-45.9
 20.3
 22.4
-31.9
 33.9
 36.6
-46.6
 15.5
 16.1
-31.8
 27.4
 28.7
-43.6
 20.7
 24.3
Deltax0 is 
-6.61
 2.11
 2.38
-5.85
 3.21
 3.49
-5.66
 3.72
  4.7
-4.53
 4.71
 5.29
-6.49
 3.88
 4.71
-7.08
 2.87
  3.2
-5.75
  3.6
 4.36
-8.13
 1.36
 1.34
-5.85
 3.33
 3.91
-5.03
    2
  3.8
-8.08
 2.58
 1.53
 -3.9
 3.13
 2.75
-7.05
 1.92
 5.49
-7.74
 2.42
 3.05
-5.83
 2.47
 3.56
-5.45
 1.53
  3.1
-5.71
 1.84
 2.75
-5.93
 3.06
 4.93
-7.04
 2.99
 3.23
-5.19
 3.77
 3.47
-8.03
 1.94
 1.47
-6.79
 2.56
 2.44
-5.89
 3.44
 4.47
-7.25
 2.84
 3.18
-5.72
 3.56
 3.36
-5.96
 4.25
 4.86
-6.54
 3.63
  4.5
-7.23
0.303
0.317
-4.54
 3.78
 4.15
-5.81
 4.35
 4.89
 -6.2
 2.85
 3.52
-5.73
  1.2
 3.27
-6.51
 2.78
 3.25
-5.89
 3.88
 4.49
 -4.5
 4.38
 3.46
-6.68
 1.06
 1.79
Deltax1 is 
-56.9
 18.7
 10.5
-41.7
   22
 34.1
-54.5
 17.4
 20.8
-41.4
   25
 30.9
-36.7
 26.8
 23.9
-40.4
 25.8
 23.1
-40.2
 13.5
 18.8
-49.6
 21.5
 22.2
-41.2
 17.8
 24.7
-41.9
 30.7
 33.6
-45.9
 26.4
 31.1
-41.3
 24.1
 27.1
-47.9
 18.8
 16.6
-57.4
 10.3
  8.9
-49.7
 13.8
   38
-56.6
 14.5
 9.83
-35.3
 14.8
 26.2
-27.6
 22.5
 18.7
  -51
 20.9
 21.9
-38.2
 11.5
 21.3
-51.2
 2.69
 1.73
-49.8
   21
 22.1
-40.3
 9.18
 22.7
-40.8
 31.4
   34
-47.2
 8.07
   12
-40.6
   26
 30.2
-31.6
 31.5
 23.8
-41.5
 27.9
 31.1
-41.3
 23.2
 24.1
-45.6
 28.1
 32.6
-39.7
   27
 32.5
-45.8
 20.3
 22.5
-31.9
 33.9
 36.6
-46.6
 15.5
 16.1
-31.8
 27.3
 28.7
-43.6
 20.7
 24.3
