Deltax_In_Group0 is 
 4.65e-06
-0.000177
-7.17e-05
-1.66e-05
 -0.00036
-6.29e-05
 5.92e-05
-0.000213
 1.47e-05
-6.84e-06
 -9.5e-05
 5.21e-05
 4.24e-05
-8.93e-05
 5.79e-05
 1.47e-05
-0.000112
 5.87e-05
-3.69e-05
 -0.00017
-1.94e-05
 1.91e-05
-8.56e-05
 7.61e-05
 1.93e-05
-0.000194
 4.62e-05
 3.44e-06
-0.000178
 1.87e-05
-5.74e-05
-0.000187
-8.34e-06
-6.47e-05
-0.000737
 2.24e-05
-3.99e-05
 -0.00049
-4.06e-05
-6.14e-05
-0.000501
-3.87e-05
-3.17e-05
-7.01e-05
 5.41e-05
 4.25e-05
-0.000108
 2.15e-05
-7.24e-05
-0.000143
 0.000112
 2.76e-06
-0.000105
 4.49e-05
 2.03e-05
-0.000122
  3.3e-05
 -2.8e-05
-0.000146
  2.9e-05
 3.53e-05
-0.000123
 5.81e-05
 4.72e-06
-0.000158
 2.87e-05
 2.22e-05
-0.000111
 4.44e-05
 3.25e-05
-0.000114
 4.14e-05
 1.69e-05
-9.61e-05
 4.23e-05
 9.91e-06
-0.000102
 4.73e-05
 2.55e-05
 -0.00013
  2.5e-05
 2.82e-05
-0.000114
 3.91e-05
 2.49e-05
-0.000107
 3.17e-05
 5.87e-05
-5.85e-05
 5.86e-05
 3.09e-05
-0.000126
 5.19e-05
 1.26e-05
-8.31e-05
 2.86e-05
 3.81e-05
 -6.4e-05
 6.91e-05
 1.74e-05
-0.000111
 3.01e-05
 3.27e-05
-0.000102
 4.13e-05
 9.24e-06
-0.000103
 5.64e-05
Deltax_In_Group1 is 
-6.63e-07
-9.25e-06
    1e-05
-9.32e-07
-4.53e-05
 6.39e-06
 2.06e-06
-4.76e-06
 4.16e-06
 4.93e-06
-5.56e-06
 3.94e-06
 4.48e-07
-2.84e-05
 1.88e-06
 3.01e-06
   -3e-05
 1.12e-05
 3.58e-06
-5.69e-06
 4.75e-06
 1.75e-06
-4.92e-06
 3.51e-06
 5.58e-06
-7.38e-06
 4.64e-06
 6.35e-06
-1.02e-05
 4.58e-06
 1.52e-05
-8.78e-06
 1.43e-05
 3.47e-06
-8.95e-06
 3.47e-06
 2.76e-06
-5.95e-06
 3.18e-06
 3.63e-06
-1.03e-05
 4.23e-06
 2.74e-06
-5.85e-06
 3.17e-06
 1.21e-06
-6.01e-06
 3.42e-06
 2.18e-06
-4.24e-06
 3.36e-06
 2.49e-06
 -4.9e-06
 3.77e-06
 5.06e-06
-1.74e-06
 3.34e-06
 3.88e-06
-3.13e-06
 3.42e-06
 6.12e-07
-2.61e-06
 1.82e-06
 3.71e-06
-4.54e-06
 3.47e-06
-1.52e-06
-7.28e-06
 2.43e-07
 2.36e-06
-2.44e-06
 2.84e-06
 1.22e-06
-7.44e-06
 1.52e-06
 6.55e-07
-4.34e-06
    7e-06
 2.97e-06
-5.11e-06
  2.1e-06
 4.43e-06
 -4.7e-06
 3.73e-06
 3.17e-06
-4.33e-06
 2.62e-06
 1.29e-06
-4.18e-06
 3.13e-06
 5.89e-06
-4.89e-05
 2.57e-06
  2.4e-06
-3.33e-06
 2.82e-06
 2.74e-06
   -4e-06
  2.8e-06
 1.08e-06
-5.65e-06
 4.99e-06
-9.28e-08
-6.35e-06
 4.28e-06
 4.62e-06
-8.81e-07
 3.02e-06
Deltax_In_Group0 is 
 0.000232
 0.000484
-0.000216
 3.46e-06
 0.000193
-0.000213
 0.000463
 0.000409
-1.92e-05
 0.000348
-0.000294
 4.03e-05
 0.000363
-0.000288
 8.18e-05
 9.11e-05
-0.000287
 7.49e-05
-0.000309
-0.000606
-7.75e-05
 0.000365
-0.000295
 1.29e-05
 0.000152
 0.000478
 7.47e-05
 -3.8e-05
 0.000456
-2.99e-05
-0.000165
 0.000667
 -5.8e-05
-0.000409
-0.000641
 0.000104
-0.000324
-0.000216
-0.000146
-0.000273
-0.000131
-1.43e-05
 0.000137
-0.000397
 0.000104
 0.000378
-0.000585
-9.08e-06
 0.000228
-0.000626
 0.000192
 8.98e-06
-0.000524
 2.61e-05
 6.79e-05
-0.000623
 3.02e-05
-1.48e-05
-0.000613
 3.67e-05
-0.000156
 -0.00063
 4.34e-05
-0.000214
-0.000597
 6.93e-05
 6.56e-05
-0.000289
 3.41e-05
-0.000189
-0.000301
 3.21e-05
 7.17e-05
 2.63e-05
 2.89e-05
-6.52e-05
-4.04e-05
 -2.7e-05
-0.000176
-0.000272
 3.63e-05
-0.000169
 4.64e-05
 6.43e-05
-0.000124
 5.87e-05
 3.94e-05
 0.000296
-7.65e-05
 7.06e-05
-0.000205
-0.000273
 8.15e-05
 8.47e-05
-0.000109
 5.21e-05
 0.000299
-3.21e-05
  3.1e-05
 7.13e-05
-0.000262
 3.26e-05
 4.51e-05
-1.53e-05
 1.06e-05
 2.53e-05
-4.28e-05
 2.93e-05
Deltax_In_Group1 is 
 3.24e-05
-2.47e-05
 3.92e-05
-2.77e-05
-6.24e-05
-4.64e-06
  1.1e-05
-1.76e-05
 1.19e-05
 1.85e-05
-1.37e-05
 1.85e-05
-9.71e-06
 -1.9e-05
  1.9e-06
-3.24e-05
-9.73e-06
 2.31e-06
 2.29e-05
 -1.2e-05
 1.31e-05
 6.55e-06
-1.61e-05
 8.56e-06
 3.29e-05
 -8.2e-06
 2.77e-05
 3.48e-05
-3.47e-05
 2.21e-05
  0.00022
-1.52e-05
 2.86e-05
 1.08e-05
-1.96e-05
 8.12e-06
 9.48e-06
-1.27e-05
 8.14e-06
 8.88e-06
-3.22e-05
 2.06e-05
 1.47e-05
-1.42e-05
 1.12e-05
 8.17e-06
 -2.1e-05
 8.91e-06
 9.66e-06
 -1.4e-05
 7.11e-06
 7.88e-06
-1.59e-05
 8.04e-06
 1.51e-05
 -6.3e-06
 1.03e-05
 1.35e-05
-9.14e-06
 8.55e-06
 5.03e-06
-1.46e-05
 6.01e-06
 1.39e-05
-1.28e-05
 8.97e-06
 3.12e-06
-1.25e-05
 4.57e-06
 8.76e-06
-1.31e-05
 3.68e-06
 1.01e-05
   -2e-05
 9.72e-06
 5.09e-06
-1.43e-05
 6.01e-06
 1.02e-05
-1.12e-05
 5.72e-06
 1.59e-05
-1.11e-05
 1.23e-05
 9.42e-06
-1.37e-05
 7.06e-06
 9.23e-06
-1.15e-05
 5.92e-06
  5.9e-06
-6.62e-05
 4.84e-06
 1.07e-05
-9.55e-06
 6.32e-06
 9.92e-06
-1.26e-05
 6.15e-06
 6.41e-06
-1.56e-05
 5.25e-06
 8.71e-06
-2.59e-05
  1.2e-05
 9.63e-06
 -9.8e-06
  5.2e-06
Deltax_In_Group0 is 
 0.000808
 0.000875
-0.000358
 0.000107
 0.000581
-0.000392
  0.00116
  0.00092
-8.16e-05
 0.000502
-0.000413
 1.09e-05
  0.00046
-0.000397
 2.17e-05
 8.29e-05
-0.000376
  4.5e-05
 -0.00042
-0.000807
-3.34e-05
 0.000502
-0.000443
-2.51e-05
 0.000299
  0.00101
  5.4e-05
-5.82e-05
 0.000881
-7.58e-05
-0.000261
  0.00135
-0.000127
-0.000947
-0.000536
 0.000213
-0.000877
 5.78e-05
-0.000141
-0.000655
 0.000116
 0.000136
 0.000454
-0.000774
 2.56e-05
  0.00045
-0.000813
-3.71e-05
 0.000378
-0.000828
 1.91e-05
 5.36e-05
-0.000813
 1.83e-05
 4.31e-05
-0.000853
 2.11e-05
  2.7e-07
-0.000826
-1.92e-05
-0.000406
-0.000773
-2.55e-06
 -0.00038
-0.000803
 8.01e-06
 5.59e-05
-0.000394
 2.56e-05
-0.000367
-0.000397
 5.71e-05
 5.84e-05
 2.03e-05
 3.45e-05
-0.000133
-3.45e-05
 2.69e-06
-0.000385
 -0.00043
 3.16e-05
 -0.00027
 6.65e-05
 7.63e-05
-0.000261
 2.46e-05
 3.65e-05
   0.0004
-7.92e-05
 3.94e-05
-0.000371
-0.000404
 5.28e-05
 0.000129
-3.78e-05
 1.51e-05
  0.00041
-3.35e-05
 3.51e-05
 5.94e-05
-0.000392
 5.37e-05
 4.87e-05
 2.53e-05
-5.63e-06
 3.39e-05
 1.27e-05
 8.11e-06
Deltax_In_Group1 is 
 6.04e-05
-4.87e-05
 6.53e-05
-5.44e-05
-5.17e-05
-8.57e-07
 2.78e-05
-4.16e-05
 2.65e-05
 3.85e-05
-2.38e-05
 4.43e-05
-2.22e-05
-1.73e-05
 7.21e-06
-9.85e-05
 -1.1e-05
-4.06e-05
  5.3e-05
-1.66e-05
 2.65e-05
  1.6e-05
 -3.6e-05
    2e-05
 6.62e-05
-1.19e-05
 5.49e-05
 4.94e-05
-5.19e-05
 5.18e-05
 0.000359
 -3.2e-05
 5.57e-05
 2.44e-05
-3.41e-05
 2.62e-05
 1.99e-05
-2.23e-05
 1.76e-05
 1.13e-05
-5.76e-05
 4.34e-05
  3.3e-05
-2.14e-05
 2.18e-05
 1.85e-05
-3.81e-05
 1.76e-05
  2.4e-05
-2.92e-05
 1.63e-05
 1.45e-05
   -3e-05
 1.29e-05
 3.12e-05
-9.12e-06
 1.67e-05
  3.3e-05
-1.31e-05
 1.02e-05
 1.31e-05
 -2.3e-05
 6.21e-06
 3.39e-05
-2.03e-05
 1.44e-05
 8.53e-06
-1.85e-05
-9.18e-07
 1.96e-05
-2.44e-05
 8.82e-06
 2.23e-05
-3.75e-05
 1.51e-05
 6.26e-06
-2.55e-05
  3.3e-06
 2.14e-05
-1.22e-05
 2.86e-06
 3.44e-05
-1.69e-05
 2.58e-05
 2.09e-05
-2.34e-05
 1.17e-05
 2.12e-05
-1.57e-05
 4.84e-06
 9.24e-06
-7.03e-05
-2.07e-06
  2.8e-05
-7.72e-06
  6.6e-06
 2.38e-05
-1.66e-05
 8.58e-06
 1.41e-05
 -2.3e-05
 3.11e-06
 1.55e-05
 -5.4e-05
 2.03e-05
 1.94e-05
-8.18e-06
-1.17e-06
Deltax_In_Group0 is 
  0.00173
 0.000999
-0.000526
 0.000298
 0.000823
-0.000589
  0.00215
  0.00132
-0.000229
 0.000468
-0.000457
-2.05e-05
 0.000421
-0.000456
-4.17e-05
 5.72e-05
 -0.00043
 8.07e-06
-0.000401
 -0.00083
 1.21e-05
 0.000415
-0.000528
-4.17e-05
 0.000453
  0.00141
-4.53e-05
-4.49e-05
  0.00111
-0.000134
-0.000339
  0.00183
 -0.00022
 -0.00164
-0.000425
 0.000317
 -0.00169
   0.0003
-3.56e-05
 -0.00121
 0.000242
  0.00042
 0.000552
-0.000953
-7.04e-05
  0.00039
-0.000881
-7.15e-05
 0.000392
-0.000914
-0.000146
 5.55e-05
-0.000912
-2.13e-05
 5.88e-06
-0.000915
-8.32e-06
 1.28e-05
 -0.00088
-5.54e-05
-0.000487
-0.000797
 -4.4e-05
 -0.00043
-0.000849
-5.31e-05
 1.77e-05
-0.000469
 7.39e-06
-0.000411
-0.000439
 7.33e-05
  8.7e-07
-5.76e-05
 3.28e-05
-0.000145
-6.55e-05
 5.07e-05
-0.000475
-0.000512
 1.56e-05
-0.000288
-1.09e-05
 8.27e-05
-0.000343
-7.39e-05
 3.02e-05
 0.000386
-0.000104
 1.32e-05
-0.000433
-0.000488
 6.49e-06
  0.00014
 -2.8e-05
 1.01e-05
  0.00038
-4.71e-05
 5.89e-05
 6.91e-06
-0.000477
 3.78e-05
 2.88e-05
-2.68e-05
-8.27e-06
 3.57e-05
-1.02e-05
 1.41e-05
Deltax_In_Group1 is 
 5.91e-05
-8.48e-05
 7.89e-05
-6.05e-05
-7.44e-05
 2.36e-05
 4.38e-05
-7.41e-05
 5.27e-05
 6.14e-05
-4.26e-05
 7.69e-05
-3.27e-05
   -7e-05
 1.64e-05
-0.000149
-7.25e-05
-8.05e-05
 8.31e-05
-2.61e-05
 5.55e-05
 2.38e-05
-6.64e-05
 4.12e-05
 9.15e-05
-3.74e-05
 8.28e-05
 5.39e-05
-7.97e-05
    9e-05
 0.000354
-6.52e-05
 9.91e-05
 3.94e-05
-6.55e-05
 5.69e-05
 3.28e-05
-4.22e-05
 3.56e-05
 1.33e-05
-9.64e-05
 6.88e-05
 5.01e-05
-3.54e-05
 3.83e-05
 2.66e-05
-6.39e-05
 3.08e-05
 3.89e-05
-5.14e-05
 3.61e-05
    2e-05
-5.09e-05
 2.47e-05
  5.4e-05
 -1.3e-05
 2.75e-05
 5.94e-05
-1.78e-05
 1.49e-05
 2.14e-05
-3.46e-05
 9.51e-06
 6.14e-05
-2.75e-05
 2.96e-05
 9.02e-06
-2.99e-05
-8.47e-06
 3.28e-05
-3.87e-05
 1.98e-05
 2.87e-05
 -6.5e-05
 1.72e-05
 5.11e-06
-4.42e-05
 5.15e-06
 3.47e-05
 -1.7e-05
 -9.7e-07
 5.74e-05
-2.76e-05
 4.69e-05
 3.49e-05
-3.65e-05
 2.11e-05
 3.57e-05
-2.05e-05
 5.35e-06
 1.63e-05
-7.33e-05
-9.99e-06
 5.04e-05
-2.13e-06
  8.2e-06
 4.29e-05
   -2e-05
 1.59e-05
 2.07e-05
-3.51e-05
 4.61e-06
 1.51e-05
-8.68e-05
 2.89e-05
 3.43e-05
-2.91e-06
-1.03e-05
Deltax_In_Group0 is 
  0.00291
 0.000963
 -0.00075
 0.000555
    0.001
-0.000825
  0.00337
  0.00168
-0.000492
  0.00035
-0.000476
-4.72e-05
 0.000321
-0.000488
   -8e-05
 2.69e-05
-0.000469
-1.79e-05
 -0.00033
-0.000789
 2.27e-05
 0.000252
-0.000577
-5.19e-05
 0.000606
  0.00174
-0.000246
-2.24e-05
  0.00125
-0.000232
-0.000424
   0.0022
-0.000343
 -0.00248
-0.000303
 0.000398
 -0.00272
 0.000526
 0.000126
 -0.00192
 0.000314
 0.000816
 0.000437
-0.000925
-0.000112
 0.000277
-0.000859
 -0.00011
 0.000305
-0.000927
-0.000222
 1.61e-05
-0.000873
-6.26e-05
-3.01e-05
-0.000873
-4.51e-05
 1.81e-06
-0.000849
-6.78e-05
-0.000427
-0.000779
-6.79e-05
-0.000384
-0.000804
-7.49e-05
-2.32e-05
-0.000518
-1.93e-05
-0.000359
-0.000463
 5.93e-05
-5.18e-05
-0.000175
 1.85e-05
-0.000119
-0.000134
 6.97e-05
-0.000442
-0.000544
-1.68e-05
-0.000252
-0.000138
    7e-05
-0.000346
-0.000194
 9.14e-06
 0.000305
-0.000165
 9.18e-06
-0.000403
-0.000533
-3.14e-05
 0.000138
-8.45e-05
 2.67e-05
 0.000283
-8.93e-05
 9.63e-05
-4.94e-05
-0.000529
-6.11e-06
-1.71e-06
-0.000143
-4.51e-06
 3.45e-05
-8.81e-05
  3.3e-05
Deltax_In_Group1 is 
 3.56e-05
-0.000136
 7.86e-05
-5.57e-05
-0.000141
 5.33e-05
  5.7e-05
-0.000117
 8.98e-05
 8.59e-05
-7.91e-05
 0.000113
-4.48e-05
-0.000167
 2.68e-05
-0.000165
-0.000171
-9.88e-05
 0.000108
-5.08e-05
 9.99e-05
 2.72e-05
-0.000113
 7.13e-05
 0.000107
 -9.7e-05
 0.000112
 5.98e-05
-0.000138
 0.000129
 0.000265
 -0.00012
 0.000142
 4.82e-05
-0.000125
 9.08e-05
  4.4e-05
-8.12e-05
  6.2e-05
 1.41e-05
-0.000159
 9.73e-05
 5.96e-05
-6.58e-05
 6.17e-05
 2.36e-05
-0.000108
 4.75e-05
  5.5e-05
-8.33e-05
 6.72e-05
 2.45e-05
-8.25e-05
  4.7e-05
 8.06e-05
-2.32e-05
 4.77e-05
 9.08e-05
-2.44e-05
 2.99e-05
 2.67e-05
-5.41e-05
 2.19e-05
 9.37e-05
-3.86e-05
 6.01e-05
 1.61e-06
-4.99e-05
 -9.4e-06
 4.66e-05
-6.09e-05
 3.92e-05
 2.03e-05
-0.000105
 2.07e-05
-7.06e-07
-7.57e-05
 1.51e-05
 4.07e-05
-3.34e-05
 4.74e-06
 8.27e-05
-5.01e-05
 7.69e-05
 4.68e-05
-5.88e-05
 3.98e-05
 4.84e-05
-2.97e-05
 1.51e-05
 1.94e-05
-8.06e-05
-7.74e-06
 7.02e-05
 2.69e-07
 1.89e-05
 6.16e-05
-3.17e-05
 3.39e-05
 1.98e-05
-5.91e-05
 1.58e-05
 5.49e-06
-0.000128
 4.04e-05
 4.45e-05
-9.24e-07
-1.04e-05
Deltax_In_Group0 is 
 5.92e-05
-0.000213
 1.47e-05
 4.65e-06
-0.000177
-7.17e-05
-1.66e-05
 -0.00036
-6.29e-05
 1.93e-05
-0.000194
 4.62e-05
-5.74e-05
-0.000187
-8.34e-06
-3.99e-05
 -0.00049
-4.06e-05
 4.25e-05
-0.000108
 2.15e-05
 2.76e-06
-0.000105
 4.49e-05
 2.03e-05
-0.000122
  3.3e-05
 3.44e-06
-0.000178
 1.87e-05
-7.24e-05
-0.000143
 0.000112
-6.47e-05
-0.000737
 2.24e-05
-3.17e-05
-7.01e-05
 5.41e-05
-6.14e-05
-0.000501
-3.87e-05
 4.24e-05
-8.93e-05
 5.79e-05
-3.69e-05
 -0.00017
-1.94e-05
 3.27e-05
-0.000102
 4.13e-05
 1.69e-05
-9.61e-05
 4.23e-05
 2.22e-05
-0.000111
 4.44e-05
 9.91e-06
-0.000102
 4.73e-05
 3.25e-05
-0.000114
 4.14e-05
 -2.8e-05
-0.000146
  2.9e-05
 3.53e-05
-0.000123
 5.81e-05
 4.72e-06
-0.000158
 2.87e-05
-6.84e-06
 -9.5e-05
 5.21e-05
 1.91e-05
-8.56e-05
 7.61e-05
 1.47e-05
-0.000112
 5.87e-05
 2.55e-05
 -0.00013
  2.5e-05
 1.26e-05
-8.31e-05
 2.86e-05
 5.87e-05
-5.85e-05
 5.86e-05
 3.81e-05
 -6.4e-05
 6.91e-05
 3.09e-05
-0.000126
 5.19e-05
 1.74e-05
-0.000111
 3.01e-05
 9.24e-06
-0.000103
 5.64e-05
 2.82e-05
-0.000114
 3.91e-05
 2.49e-05
-0.000107
 3.17e-05
Deltax_In_Group1 is 
 3.47e-06
-8.95e-06
 3.47e-06
-6.63e-07
-9.25e-06
    1e-05
-9.32e-07
-4.53e-05
 6.39e-06
 6.35e-06
-1.02e-05
 4.58e-06
 5.58e-06
-7.38e-06
 4.64e-06
 1.52e-05
-8.78e-06
 1.43e-05
 3.63e-06
-1.03e-05
 4.23e-06
 3.71e-06
-4.54e-06
 3.47e-06
 2.49e-06
 -4.9e-06
 3.77e-06
-9.28e-08
-6.35e-06
 4.28e-06
 6.55e-07
-4.34e-06
    7e-06
 4.93e-06
-5.56e-06
 3.94e-06
 1.22e-06
-7.44e-06
 1.52e-06
 1.21e-06
-6.01e-06
 3.42e-06
 3.58e-06
-5.69e-06
 4.75e-06
 3.17e-06
-4.33e-06
 2.62e-06
 2.74e-06
   -4e-06
  2.8e-06
 1.08e-06
-5.65e-06
 4.99e-06
 4.48e-07
-2.84e-05
 1.88e-06
 3.01e-06
   -3e-05
 1.12e-05
 2.97e-06
-5.11e-06
  2.1e-06
 1.75e-06
-4.92e-06
 3.51e-06
 2.06e-06
-4.76e-06
 4.16e-06
 2.74e-06
-5.85e-06
 3.17e-06
 2.18e-06
-4.24e-06
 3.36e-06
 4.43e-06
 -4.7e-06
 3.73e-06
 2.76e-06
-5.95e-06
 3.18e-06
 5.89e-06
-4.89e-05
 2.57e-06
  2.4e-06
-3.33e-06
 2.82e-06
 6.12e-07
-2.61e-06
 1.82e-06
-1.52e-06
-7.28e-06
 2.43e-07
 5.06e-06
-1.74e-06
 3.34e-06
 1.29e-06
-4.18e-06
 3.13e-06
 2.36e-06
-2.44e-06
 2.84e-06
 4.62e-06
-8.81e-07
 3.02e-06
 3.88e-06
-3.13e-06
 3.42e-06
Deltax_In_Group0 is 
 0.000463
 0.000409
-1.92e-05
 0.000232
 0.000484
-0.000216
 3.46e-06
 0.000193
-0.000213
 0.000152
 0.000478
 7.47e-05
-0.000165
 0.000667
 -5.8e-05
-0.000324
-0.000216
-0.000146
 0.000378
-0.000585
-9.08e-06
 8.98e-06
-0.000524
 2.61e-05
 6.79e-05
-0.000623
 3.02e-05
 -3.8e-05
 0.000456
-2.99e-05
 0.000228
-0.000626
 0.000192
-0.000409
-0.000641
 0.000104
 0.000137
-0.000397
 0.000104
-0.000273
-0.000131
-1.43e-05
 0.000363
-0.000288
 8.18e-05
-0.000309
-0.000606
-7.75e-05
 4.51e-05
-1.53e-05
 1.06e-05
 7.17e-05
 2.63e-05
 2.89e-05
 6.56e-05
-0.000289
 3.41e-05
-6.52e-05
-4.04e-05
 -2.7e-05
-0.000189
-0.000301
 3.21e-05
-1.48e-05
-0.000613
 3.67e-05
-0.000156
 -0.00063
 4.34e-05
-0.000214
-0.000597
 6.93e-05
 0.000348
-0.000294
 4.03e-05
 0.000365
-0.000295
 1.29e-05
 9.11e-05
-0.000287
 7.49e-05
-0.000176
-0.000272
 3.63e-05
 8.47e-05
-0.000109
 5.21e-05
 0.000296
-7.65e-05
 7.06e-05
 0.000299
-3.21e-05
  3.1e-05
-0.000205
-0.000273
 8.15e-05
 7.13e-05
-0.000262
 3.26e-05
 2.53e-05
-4.28e-05
 2.93e-05
-0.000169
 4.64e-05
 6.43e-05
-0.000124
 5.87e-05
 3.94e-05
Deltax_In_Group1 is 
 1.08e-05
-1.96e-05
 8.12e-06
 3.24e-05
-2.47e-05
 3.92e-05
-2.77e-05
-6.24e-05
-4.64e-06
 3.48e-05
-3.47e-05
 2.21e-05
 3.29e-05
 -8.2e-06
 2.77e-05
  0.00022
-1.52e-05
 2.86e-05
 8.88e-06
-3.22e-05
 2.06e-05
 1.39e-05
-1.28e-05
 8.97e-06
 7.88e-06
-1.59e-05
 8.04e-06
 8.71e-06
-2.59e-05
  1.2e-05
 5.09e-06
-1.43e-05
 6.01e-06
 1.85e-05
-1.37e-05
 1.85e-05
 1.01e-05
   -2e-05
 9.72e-06
 8.17e-06
 -2.1e-05
 8.91e-06
 2.29e-05
 -1.2e-05
 1.31e-05
 9.42e-06
-1.37e-05
 7.06e-06
 9.92e-06
-1.26e-05
 6.15e-06
 6.41e-06
-1.56e-05
 5.25e-06
-9.71e-06
 -1.9e-05
  1.9e-06
-3.24e-05
-9.73e-06
 2.31e-06
 1.02e-05
-1.12e-05
 5.72e-06
 6.55e-06
-1.61e-05
 8.56e-06
  1.1e-05
-1.76e-05
 1.19e-05
 1.47e-05
-1.42e-05
 1.12e-05
 9.66e-06
 -1.4e-05
 7.11e-06
 1.59e-05
-1.11e-05
 1.23e-05
 9.48e-06
-1.27e-05
 8.14e-06
  5.9e-06
-6.62e-05
 4.84e-06
 1.07e-05
-9.55e-06
 6.32e-06
 5.03e-06
-1.46e-05
 6.01e-06
 3.12e-06
-1.25e-05
 4.57e-06
 1.51e-05
 -6.3e-06
 1.03e-05
 9.23e-06
-1.15e-05
 5.92e-06
 8.76e-06
-1.31e-05
 3.68e-06
 9.63e-06
 -9.8e-06
  5.2e-06
 1.35e-05
-9.14e-06
 8.55e-06
Deltax_In_Group0 is 
  0.00116
  0.00092
-8.16e-05
 0.000808
 0.000875
-0.000358
 0.000107
 0.000581
-0.000392
 0.000299
  0.00101
  5.4e-05
-0.000261
  0.00135
-0.000127
-0.000877
 5.78e-05
-0.000141
  0.00045
-0.000813
-3.71e-05
 5.36e-05
-0.000813
 1.83e-05
 4.31e-05
-0.000853
 2.11e-05
-5.82e-05
 0.000881
-7.58e-05
 0.000378
-0.000828
 1.91e-05
-0.000947
-0.000536
 0.000213
 0.000454
-0.000774
 2.56e-05
-0.000655
 0.000116
 0.000136
  0.00046
-0.000397
 2.17e-05
 -0.00042
-0.000807
-3.34e-05
 4.87e-05
 2.53e-05
-5.63e-06
 5.84e-05
 2.03e-05
 3.45e-05
 5.59e-05
-0.000394
 2.56e-05
-0.000133
-3.45e-05
 2.69e-06
-0.000367
-0.000397
 5.71e-05
  2.7e-07
-0.000826
-1.92e-05
-0.000406
-0.000773
-2.55e-06
 -0.00038
-0.000803
 8.01e-06
 0.000502
-0.000413
 1.09e-05
 0.000502
-0.000443
-2.51e-05
 8.29e-05
-0.000376
  4.5e-05
-0.000385
 -0.00043
 3.16e-05
 0.000129
-3.78e-05
 1.51e-05
   0.0004
-7.92e-05
 3.94e-05
  0.00041
-3.35e-05
 3.51e-05
-0.000371
-0.000404
 5.28e-05
 5.94e-05
-0.000392
 5.37e-05
 3.39e-05
 1.27e-05
 8.11e-06
 -0.00027
 6.65e-05
 7.63e-05
-0.000261
 2.46e-05
 3.65e-05
Deltax_In_Group1 is 
 2.44e-05
-3.41e-05
 2.62e-05
 6.04e-05
-4.87e-05
 6.53e-05
-5.44e-05
-5.17e-05
-8.57e-07
 4.94e-05
-5.19e-05
 5.18e-05
 6.62e-05
-1.19e-05
 5.49e-05
 0.000359
 -3.2e-05
 5.57e-05
 1.13e-05
-5.76e-05
 4.34e-05
 3.39e-05
-2.03e-05
 1.44e-05
 1.45e-05
   -3e-05
 1.29e-05
 1.55e-05
 -5.4e-05
 2.03e-05
 6.26e-06
-2.55e-05
  3.3e-06
 3.85e-05
-2.38e-05
 4.43e-05
 2.23e-05
-3.75e-05
 1.51e-05
 1.85e-05
-3.81e-05
 1.76e-05
  5.3e-05
-1.66e-05
 2.65e-05
 2.09e-05
-2.34e-05
 1.17e-05
 2.38e-05
-1.66e-05
 8.58e-06
 1.41e-05
 -2.3e-05
 3.11e-06
-2.22e-05
-1.73e-05
 7.21e-06
-9.85e-05
 -1.1e-05
-4.06e-05
 2.14e-05
-1.22e-05
 2.86e-06
  1.6e-05
 -3.6e-05
    2e-05
 2.78e-05
-4.16e-05
 2.65e-05
  3.3e-05
-2.14e-05
 2.18e-05
  2.4e-05
-2.92e-05
 1.63e-05
 3.44e-05
-1.69e-05
 2.58e-05
 1.99e-05
-2.23e-05
 1.76e-05
 9.24e-06
-7.03e-05
-2.07e-06
  2.8e-05
-7.72e-06
  6.6e-06
 1.31e-05
 -2.3e-05
 6.21e-06
 8.53e-06
-1.85e-05
-9.18e-07
 3.12e-05
-9.12e-06
 1.67e-05
 2.12e-05
-1.57e-05
 4.84e-06
 1.96e-05
-2.44e-05
 8.82e-06
 1.94e-05
-8.18e-06
-1.17e-06
  3.3e-05
-1.31e-05
 1.02e-05
Deltax_In_Group0 is 
  0.00215
  0.00132
-0.000229
  0.00173
 0.000999
-0.000526
 0.000298
 0.000823
-0.000589
 0.000453
  0.00141
-4.53e-05
-0.000339
  0.00183
 -0.00022
 -0.00169
   0.0003
-3.56e-05
  0.00039
-0.000881
-7.15e-05
 5.55e-05
-0.000912
-2.13e-05
 5.88e-06
-0.000915
-8.32e-06
-4.49e-05
  0.00111
-0.000134
 0.000392
-0.000914
-0.000146
 -0.00164
-0.000425
 0.000317
 0.000552
-0.000953
-7.04e-05
 -0.00121
 0.000242
  0.00042
 0.000421
-0.000456
-4.17e-05
-0.000401
 -0.00083
 1.21e-05
 2.88e-05
-2.68e-05
-8.27e-06
  8.7e-07
-5.76e-05
 3.28e-05
 1.77e-05
-0.000469
 7.39e-06
-0.000145
-6.55e-05
 5.07e-05
-0.000411
-0.000439
 7.33e-05
 1.28e-05
 -0.00088
-5.54e-05
-0.000487
-0.000797
 -4.4e-05
 -0.00043
-0.000849
-5.31e-05
 0.000468
-0.000457
-2.05e-05
 0.000415
-0.000528
-4.17e-05
 5.72e-05
 -0.00043
 8.07e-06
-0.000475
-0.000512
 1.56e-05
  0.00014
 -2.8e-05
 1.01e-05
 0.000386
-0.000104
 1.32e-05
  0.00038
-4.71e-05
 5.89e-05
-0.000433
-0.000488
 6.49e-06
 6.91e-06
-0.000477
 3.78e-05
 3.57e-05
-1.02e-05
 1.41e-05
-0.000288
-1.09e-05
 8.27e-05
-0.000343
-7.39e-05
 3.02e-05
Deltax_In_Group1 is 
 3.94e-05
-6.55e-05
 5.69e-05
 5.91e-05
-8.48e-05
 7.89e-05
-6.05e-05
-7.44e-05
 2.36e-05
 5.39e-05
-7.97e-05
    9e-05
 9.15e-05
-3.74e-05
 8.28e-05
 0.000354
-6.52e-05
 9.91e-05
 1.33e-05
-9.64e-05
 6.88e-05
 6.14e-05
-2.75e-05
 2.96e-05
    2e-05
-5.09e-05
 2.47e-05
 1.51e-05
-8.68e-05
 2.89e-05
 5.11e-06
-4.42e-05
 5.15e-06
 6.14e-05
-4.26e-05
 7.69e-05
 2.87e-05
 -6.5e-05
 1.72e-05
 2.66e-05
-6.39e-05
 3.08e-05
 8.31e-05
-2.61e-05
 5.55e-05
 3.49e-05
-3.65e-05
 2.11e-05
 4.29e-05
   -2e-05
 1.59e-05
 2.07e-05
-3.51e-05
 4.61e-06
-3.27e-05
   -7e-05
 1.64e-05
-0.000149
-7.25e-05
-8.05e-05
 3.47e-05
 -1.7e-05
 -9.7e-07
 2.38e-05
-6.64e-05
 4.12e-05
 4.38e-05
-7.41e-05
 5.27e-05
 5.01e-05
-3.54e-05
 3.83e-05
 3.89e-05
-5.14e-05
 3.61e-05
 5.74e-05
-2.76e-05
 4.69e-05
 3.28e-05
-4.22e-05
 3.56e-05
 1.63e-05
-7.33e-05
-9.99e-06
 5.04e-05
-2.13e-06
  8.2e-06
 2.14e-05
-3.46e-05
 9.51e-06
 9.02e-06
-2.99e-05
-8.47e-06
  5.4e-05
 -1.3e-05
 2.75e-05
 3.57e-05
-2.05e-05
 5.35e-06
 3.28e-05
-3.87e-05
 1.98e-05
 3.43e-05
-2.91e-06
-1.03e-05
 5.94e-05
-1.78e-05
 1.49e-05
Deltax_In_Group0 is 
  0.00337
  0.00168
-0.000492
  0.00291
 0.000963
 -0.00075
 0.000555
    0.001
-0.000825
 0.000606
  0.00174
-0.000246
-0.000424
   0.0022
-0.000343
 -0.00272
 0.000526
 0.000126
 0.000277
-0.000859
 -0.00011
 1.61e-05
-0.000873
-6.26e-05
-3.01e-05
-0.000873
-4.51e-05
-2.24e-05
  0.00125
-0.000232
 0.000305
-0.000927
-0.000222
 -0.00248
-0.000303
 0.000398
 0.000437
-0.000925
-0.000112
 -0.00192
 0.000314
 0.000816
 0.000321
-0.000488
   -8e-05
 -0.00033
-0.000789
 2.27e-05
-1.71e-06
-0.000143
-4.51e-06
-5.18e-05
-0.000175
 1.85e-05
-2.32e-05
-0.000518
-1.93e-05
-0.000119
-0.000134
 6.97e-05
-0.000359
-0.000463
 5.93e-05
 1.81e-06
-0.000849
-6.78e-05
-0.000427
-0.000779
-6.79e-05
-0.000384
-0.000804
-7.49e-05
  0.00035
-0.000476
-4.72e-05
 0.000252
-0.000577
-5.19e-05
 2.69e-05
-0.000469
-1.79e-05
-0.000442
-0.000544
-1.68e-05
 0.000138
-8.45e-05
 2.67e-05
 0.000305
-0.000165
 9.18e-06
 0.000283
-8.93e-05
 9.63e-05
-0.000403
-0.000533
-3.14e-05
-4.94e-05
-0.000529
-6.11e-06
 3.45e-05
-8.81e-05
  3.3e-05
-0.000252
-0.000138
    7e-05
-0.000346
-0.000194
 9.14e-06
Deltax_In_Group1 is 
 4.82e-05
-0.000125
 9.08e-05
 3.56e-05
-0.000136
 7.86e-05
-5.57e-05
-0.000141
 5.33e-05
 5.98e-05
-0.000138
 0.000129
 0.000107
 -9.7e-05
 0.000112
 0.000265
 -0.00012
 0.000142
 1.41e-05
-0.000159
 9.73e-05
 9.37e-05
-3.86e-05
 6.01e-05
 2.45e-05
-8.25e-05
  4.7e-05
 5.49e-06
-0.000128
 4.04e-05
-7.06e-07
-7.57e-05
 1.51e-05
 8.59e-05
-7.91e-05
 0.000113
 2.03e-05
-0.000105
 2.07e-05
 2.36e-05
-0.000108
 4.75e-05
 0.000108
-5.08e-05
 9.99e-05
 4.68e-05
-5.88e-05
 3.98e-05
 6.16e-05
-3.17e-05
 3.39e-05
 1.98e-05
-5.91e-05
 1.58e-05
-4.48e-05
-0.000167
 2.68e-05
-0.000165
-0.000171
-9.88e-05
 4.07e-05
-3.34e-05
 4.74e-06
 2.72e-05
-0.000113
 7.13e-05
  5.7e-05
-0.000117
 8.98e-05
 5.96e-05
-6.58e-05
 6.17e-05
  5.5e-05
-8.33e-05
 6.72e-05
 8.27e-05
-5.01e-05
 7.69e-05
  4.4e-05
-8.12e-05
  6.2e-05
 1.94e-05
-8.06e-05
-7.74e-06
 7.02e-05
 2.69e-07
 1.89e-05
 2.67e-05
-5.41e-05
 2.19e-05
 1.61e-06
-4.99e-05
 -9.4e-06
 8.06e-05
-2.32e-05
 4.77e-05
 4.84e-05
-2.97e-05
 1.51e-05
 4.66e-05
-6.09e-05
 3.92e-05
 4.45e-05
-9.24e-07
-1.04e-05
 9.08e-05
-2.44e-05
 2.99e-05
Deltax_In_Group0 is 
  0.00476
  0.00207
 -0.00087
  0.00424
 0.000891
 -0.00105
 0.000851
  0.00121
 -0.00112
 0.000746
  0.00209
-0.000544
-0.000543
  0.00256
-0.000498
 -0.00395
 0.000772
 0.000306
  0.00017
-0.000804
-0.000129
-3.36e-05
-0.000783
-7.62e-05
-5.28e-05
-0.000799
-6.55e-05
-2.42e-05
  0.00139
-0.000385
 0.000182
-0.000892
-0.000207
 -0.00346
-0.000159
 0.000456
 0.000248
-0.000807
-0.000102
 -0.00278
 0.000387
   0.0013
 0.000214
-0.000516
-8.95e-05
-0.000255
-0.000753
 4.74e-06
-3.01e-05
 -0.00028
 2.35e-07
-7.87e-05
-0.000303
 -3.5e-07
-4.94e-05
-0.000553
 -3.9e-05
-9.03e-05
-0.000226
 6.74e-05
-0.000277
 -0.00049
 3.44e-05
-2.27e-05
-0.000796
-6.58e-05
 -0.00032
-0.000745
-6.89e-05
-0.000301
-0.000743
-6.15e-05
 0.000225
-0.000501
-6.36e-05
 0.000116
-0.000612
-6.39e-05
-2.94e-06
-0.000503
-2.64e-05
-0.000346
-0.000566
-4.36e-05
 0.000137
-0.000179
 4.68e-05
 0.000206
-0.000254
 1.48e-05
 0.000178
-0.000164
 0.000125
-0.000323
 -0.00056
-4.42e-05
-8.25e-05
-0.000565
-4.54e-05
 3.16e-05
-0.000193
 5.08e-05
  -0.0002
-0.000273
 4.89e-05
-0.000292
-0.000314
-1.23e-05
Deltax_In_Group1 is 
 4.81e-05
-0.000214
 0.000118
 8.65e-06
-0.000209
  7.1e-05
-5.57e-05
-0.000236
 7.54e-05
 7.45e-05
-0.000231
  0.00016
 0.000119
-0.000191
 0.000137
 0.000166
-0.000201
 0.000169
 1.44e-05
-0.000249
 0.000125
 0.000126
-5.82e-05
 0.000104
 2.91e-05
-0.000127
  7.8e-05
 -1.4e-05
-0.000186
  5.6e-05
-1.47e-05
-0.000122
 3.34e-05
 0.000112
-0.000138
 0.000148
-6.72e-06
-0.000159
 2.86e-05
 4.94e-06
-0.000174
 6.49e-05
 0.000126
-9.79e-05
  0.00015
 5.34e-05
-9.37e-05
 6.79e-05
 7.23e-05
-5.73e-05
 6.32e-05
 6.23e-06
-9.68e-05
 3.76e-05
-6.11e-05
-0.000281
 3.82e-05
-0.000155
-0.000277
-9.11e-05
 2.88e-05
-6.38e-05
 2.36e-05
 2.91e-05
-0.000179
 0.000104
 7.39e-05
-0.000177
 0.000131
 5.77e-05
-0.000118
 8.84e-05
 7.76e-05
-0.000127
 0.000107
 0.000109
-8.74e-05
 0.000114
 4.99e-05
-0.000143
 9.23e-05
 9.85e-06
-9.32e-05
 9.98e-06
 7.97e-05
-4.13e-06
 4.36e-05
 2.81e-05
-8.14e-05
 4.59e-05
-1.48e-05
-7.84e-05
 2.08e-06
 0.000108
-4.19e-05
 8.04e-05
 5.53e-05
-4.42e-05
 3.87e-05
 6.27e-05
-9.06e-05
 7.04e-05
 3.79e-05
 -5.2e-06
 5.72e-06
 0.000124
-3.16e-05
 5.95e-05
Deltax_In_Group0 is 
  0.00625
  0.00255
 -0.00134
  0.00564
 0.000869
 -0.00141
  0.00116
   0.0015
 -0.00149
 0.000864
  0.00253
-0.000913
-0.000715
  0.00301
-0.000679
 -0.00534
  0.00107
 0.000486
 0.000101
-0.000761
-0.000115
-6.54e-05
-0.000715
-5.89e-05
-5.77e-05
-0.000751
-5.87e-05
-7.25e-05
   0.0016
-0.000589
 8.55e-05
-0.000843
-0.000135
 -0.00458
 1.19e-05
 0.000506
 9.82e-05
 -0.00071
-6.82e-05
 -0.00375
 0.000488
  0.00184
 0.000134
-0.000555
-7.43e-05
  -0.0002
-0.000747
-1.38e-05
-4.67e-05
-0.000405
 8.25e-06
-7.91e-05
 -0.00042
-9.54e-06
-5.61e-05
-0.000586
-3.94e-05
-7.99e-05
-0.000328
 6.22e-05
-0.000209
-0.000531
 1.98e-05
-4.38e-05
-0.000766
-5.03e-05
-0.000224
-0.000719
-4.63e-05
-0.000224
-0.000716
-3.02e-05
 0.000134
 -0.00054
-6.28e-05
 4.87e-05
-0.000645
 -6.9e-05
-2.32e-05
-0.000542
-1.77e-05
-0.000245
-0.000599
-4.34e-05
 0.000143
 -0.00029
 6.13e-05
 0.000126
-0.000359
 2.26e-05
   0.0001
-0.000268
 0.000133
-0.000237
 -0.00059
-2.89e-05
-8.35e-05
-0.000601
 -5.5e-05
 2.73e-05
-0.000306
 6.14e-05
-0.000157
-0.000393
 3.58e-05
-0.000221
-0.000421
-1.64e-05
Deltax_In_Group1 is 
  4.1e-05
-0.000327
 0.000133
-9.43e-06
-0.000303
 6.46e-05
-6.61e-05
-0.000343
 8.56e-05
   0.0001
-0.000349
 0.000179
 0.000132
-0.000312
 0.000152
 9.61e-05
-0.000307
 0.000173
 1.72e-05
-0.000361
 0.000143
 0.000153
-8.87e-05
 0.000154
 3.45e-05
-0.000181
 0.000112
-4.16e-05
-0.000264
 7.28e-05
-3.82e-05
 -0.00018
 5.77e-05
 0.000138
-0.000216
 0.000177
-5.05e-05
-0.000225
 4.09e-05
-2.88e-05
-0.000253
 8.02e-05
 0.000139
-0.000168
 0.000191
 5.31e-05
 -0.00014
 0.000102
 6.89e-05
-9.67e-05
 9.92e-05
-2.25e-05
-0.000145
 6.57e-05
-8.18e-05
-0.000391
 5.08e-05
-0.000139
-0.000376
   -6e-05
-6.98e-06
-0.000106
 5.19e-05
 3.29e-05
-0.000264
 0.000132
 0.000102
-0.000256
 0.000167
 4.38e-05
 -0.00019
 0.000113
  0.00011
-0.000182
 0.000149
 0.000136
-0.000137
 0.000154
 4.91e-05
-0.000225
  0.00012
-1.74e-05
 -0.00011
 4.23e-05
 7.44e-05
-1.46e-05
 8.19e-05
 2.82e-05
-0.000112
 8.06e-05
-3.99e-05
-0.000111
 2.82e-05
 0.000134
-6.59e-05
 0.000124
 5.48e-05
-6.18e-05
  7.6e-05
 8.62e-05
-0.000122
 0.000113
 6.38e-06
-1.55e-05
 3.79e-05
 0.000154
-3.78e-05
 0.000104
Deltax_In_Group0 is 
  0.00782
  0.00313
 -0.00187
  0.00708
 0.000924
 -0.00183
  0.00149
  0.00187
 -0.00191
 0.000961
  0.00308
 -0.00132
-0.000938
  0.00356
-0.000876
 -0.00686
  0.00142
  0.00067
  7.4e-05
-0.000757
-7.48e-05
 -6.7e-05
-0.000705
-2.38e-05
-4.73e-05
-0.000752
-2.99e-05
-0.000171
   0.0019
-0.000824
  4.1e-05
-0.000814
-5.05e-05
 -0.00583
  0.00021
 0.000569
 3.03e-05
-0.000685
 -2.8e-05
 -0.00482
 0.000618
  0.00243
 9.17e-05
 -0.00061
-4.15e-05
-0.000168
 -0.00077
-1.39e-05
-4.73e-05
-0.000507
 2.44e-05
-6.23e-05
-0.000516
 2.69e-07
-4.67e-05
-0.000629
-1.86e-05
-8.73e-05
-0.000434
 6.26e-05
 -0.00016
 -0.00059
 2.26e-05
-5.19e-05
-0.000773
-2.31e-05
-0.000159
-0.000723
-8.85e-06
-0.000171
-0.000735
 3.82e-06
 9.03e-05
-0.000594
-4.08e-05
 4.24e-05
-0.000682
-5.55e-05
-2.78e-05
-0.000594
 4.07e-06
 -0.00017
-0.000647
-1.42e-05
 0.000158
 -0.00041
    7e-05
 8.11e-05
-0.000466
 3.45e-05
  6.1e-05
 -0.00039
 0.000122
-0.000169
-0.000632
 5.87e-06
-6.16e-05
-0.000645
-3.15e-05
  2.3e-05
-0.000422
 6.58e-05
-0.000133
-0.000492
 3.83e-05
-0.000165
 -0.00051
 3.02e-06
Deltax_In_Group1 is 
 3.07e-05
-0.000451
 0.000135
-1.75e-05
-0.000411
 6.43e-05
-8.29e-05
 -0.00045
  8.4e-05
 0.000137
 -0.00048
 0.000181
 0.000148
-0.000445
 0.000154
 6.47e-05
-0.000428
 0.000158
 2.49e-05
-0.000485
 0.000144
  0.00017
 -0.00013
   0.0002
  4.1e-05
-0.000241
 0.000143
-7.43e-05
-0.000356
 8.64e-05
 -6.9e-05
-0.000244
 8.47e-05
 0.000163
-0.000308
 0.000195
-0.000106
-0.000298
 5.59e-05
-7.35e-05
-0.000337
 9.12e-05
 0.000145
-0.000255
 0.000215
 4.59e-05
-0.000194
 0.000136
 4.94e-05
-0.000146
 0.000136
-6.52e-05
-0.000198
 9.47e-05
-0.000106
-0.000489
 6.31e-05
-0.000131
-0.000467
-1.33e-05
-6.56e-05
-0.000156
 8.31e-05
    4e-05
 -0.00036
 0.000149
 0.000143
-0.000349
 0.000192
 2.03e-05
-0.000274
  0.00013
 0.000152
-0.000242
 0.000188
 0.000161
-0.000194
  0.00019
  4.2e-05
-0.000318
  0.00014
-6.15e-05
-0.000127
 8.47e-05
 5.32e-05
-2.85e-05
 0.000129
 3.04e-05
-0.000139
 0.000123
-7.17e-05
 -0.00014
 6.77e-05
 0.000159
-8.95e-05
 0.000176
 4.68e-05
-7.96e-05
 0.000123
 0.000121
-0.000149
 0.000165
-5.09e-05
-2.96e-05
 8.13e-05
 0.000175
 -4.2e-05
 0.000159
Deltax_In_Group0 is 
  0.00945
  0.00379
 -0.00242
  0.00856
  0.00104
 -0.00228
  0.00182
   0.0023
 -0.00238
  0.00105
  0.00371
 -0.00173
  -0.0012
   0.0042
 -0.00108
  -0.0085
  0.00182
  0.00087
 7.51e-05
-0.000789
-2.53e-05
-4.18e-05
 -0.00075
  1.3e-05
-2.84e-05
-0.000793
 6.68e-06
-0.000309
  0.00226
 -0.00107
 3.71e-05
-0.000817
 1.77e-05
 -0.00717
 0.000427
 0.000662
 3.23e-05
-0.000726
 8.14e-06
 -0.00597
  0.00077
  0.00307
 7.99e-05
-0.000677
 1.65e-07
-0.000148
-0.000811
 3.88e-06
-3.41e-05
-0.000592
 5.03e-05
-4.09e-05
-0.000597
 2.87e-05
 -2.8e-05
-0.000684
 1.59e-05
-0.000102
-0.000542
 6.76e-05
-0.000123
-0.000666
 3.78e-05
-4.74e-05
-0.000809
  8.2e-06
-0.000116
 -0.00076
 2.88e-05
-0.000137
-0.000788
  3.1e-05
 8.47e-05
-0.000659
-1.66e-06
 6.39e-05
-0.000723
   -2e-05
-1.73e-05
 -0.00066
 3.16e-05
-0.000127
-0.000706
 2.91e-05
 0.000181
-0.000534
 7.62e-05
 6.85e-05
-0.000569
 5.35e-05
 5.39e-05
-0.000518
 0.000105
-0.000121
-0.000686
 4.52e-05
-3.41e-05
-0.000698
 1.15e-05
 2.12e-05
-0.000539
 6.83e-05
-0.000123
-0.000577
  5.4e-05
-0.000134
-0.000589
 3.92e-05
Deltax_In_Group1 is 
 2.01e-05
-0.000573
 0.000125
-2.15e-05
-0.000523
 7.01e-05
  -0.0001
-0.000556
 7.35e-05
 0.000181
-0.000609
 0.000168
 0.000166
-0.000576
 0.000146
 6.34e-05
-0.000548
 0.000134
 3.75e-05
-0.000607
 0.000128
 0.000175
-0.000178
 0.000235
 4.79e-05
-0.000298
 0.000169
-0.000108
-0.000451
 9.37e-05
-0.000103
-0.000304
 0.000111
 0.000185
-0.000402
 0.000199
-0.000166
-0.000372
 7.17e-05
-0.000124
-0.000415
 9.68e-05
 0.000146
-0.000348
 0.000219
 3.28e-05
-0.000249
 0.000166
 1.64e-05
-0.000198
 0.000167
-0.000118
 -0.00025
  0.00012
-0.000132
-0.000576
 7.24e-05
 -0.00014
-0.000553
 3.88e-05
 -0.00014
-0.000207
 0.000112
 4.91e-05
-0.000456
 0.000154
 0.000193
-0.000447
 0.000202
 -8.8e-06
-0.000362
  0.00014
 0.000199
  -0.0003
  0.00022
 0.000184
 -0.00025
  0.00022
    3e-05
-0.000411
 0.000149
-0.000117
-0.000144
 0.000132
 1.89e-05
-4.32e-05
  0.00018
 3.68e-05
-0.000158
 0.000171
-0.000107
-0.000161
 0.000117
 0.000181
-0.000107
 0.000228
 3.28e-05
 -9.5e-05
 0.000175
 0.000169
-0.000165
  0.00022
-0.000128
-4.52e-05
  0.00013
 0.000182
 -4.4e-05
  0.00022
Deltax_In_Group0 is 
   0.0111
   0.0045
 -0.00298
   0.0101
  0.00119
 -0.00274
  0.00215
  0.00275
 -0.00286
  0.00114
   0.0044
 -0.00212
 -0.00149
  0.00489
 -0.00128
  -0.0102
  0.00224
  0.00109
 8.32e-05
-0.000842
  1.7e-05
-2.99e-06
-0.000822
 4.02e-05
-8.58e-06
-0.000852
 3.69e-05
-0.000467
  0.00266
  -0.0013
 4.62e-05
-0.000846
 5.64e-05
 -0.00858
 0.000654
 0.000788
 6.76e-05
-0.000804
 3.49e-05
 -0.00718
 0.000935
  0.00375
 8.09e-05
 -0.00075
 4.16e-05
-0.000132
-0.000858
 2.58e-05
-1.43e-05
-0.000668
 8.17e-05
-2.51e-05
-0.000671
 6.69e-05
-7.69e-06
-0.000748
 5.25e-05
-0.000115
-0.000651
 7.25e-05
 -8.3e-05
-0.000749
  5.5e-05
-3.76e-05
-0.000858
 3.35e-05
-8.09e-05
-0.000821
  5.4e-05
 -0.00011
-0.000852
 4.61e-05
 9.72e-05
-0.000732
 4.39e-05
 8.06e-05
-0.000765
 3.08e-05
 2.39e-06
-0.000736
 5.68e-05
-0.000107
-0.000769
 6.77e-05
 0.000207
-0.000656
 8.25e-05
 7.36e-05
-0.000663
 7.75e-05
 6.16e-05
-0.000638
 9.18e-05
-8.64e-05
 -0.00075
 7.58e-05
-1.53e-05
-0.000759
 5.52e-05
 2.36e-05
-0.000656
 7.21e-05
-0.000118
-0.000661
 7.43e-05
-0.000125
-0.000666
 7.88e-05
Deltax_In_Group1 is 
 1.02e-05
-0.000681
 0.000108
-2.88e-05
 -0.00063
 7.77e-05
-0.000114
-0.000661
 5.77e-05
 0.000228
-0.000725
 0.000142
 0.000184
-0.000694
 0.000129
 7.55e-05
-0.000657
  0.00011
 5.27e-05
-0.000717
   0.0001
 0.000169
 -0.00023
 0.000256
 5.44e-05
-0.000349
 0.000187
 -0.00014
-0.000537
 9.49e-05
-0.000136
-0.000354
 0.000136
 0.000202
-0.000491
 0.000192
-0.000225
-0.000441
 8.66e-05
-0.000175
-0.000485
 9.79e-05
 0.000143
 -0.00044
 0.000207
 1.59e-05
-0.000299
  0.00019
-2.45e-05
-0.000249
 0.000191
-0.000174
-0.000297
 0.000141
-0.000159
-0.000657
 7.64e-05
-0.000162
-0.000637
 8.67e-05
 -0.00022
-0.000254
 0.000138
 5.78e-05
-0.000542
  0.00015
 0.000244
-0.000537
 0.000199
-3.97e-05
-0.000444
 0.000141
 0.000244
 -0.00035
 0.000242
 0.000202
-0.000301
 0.000239
  1.5e-05
-0.000496
 0.000149
-0.000175
-0.000158
 0.000179
-2.32e-05
-5.77e-05
 0.000228
  4.7e-05
-0.000167
 0.000219
 -0.00014
-0.000171
 0.000169
   0.0002
-0.000118
 0.000276
  1.5e-05
-0.000107
 0.000226
 0.000224
-0.000169
 0.000272
-0.000213
-6.07e-05
 0.000178
 0.000178
-4.52e-05
  0.00028
Deltax_In_Group0 is 
   0.0129
  0.00523
 -0.00352
   0.0117
  0.00133
  -0.0032
  0.00249
  0.00321
 -0.00336
  0.00126
   0.0051
  -0.0025
  -0.0018
  0.00559
 -0.00147
   -0.012
  0.00266
  0.00134
 8.22e-05
-0.000897
 4.35e-05
 3.43e-05
-0.000896
 5.26e-05
 5.94e-06
-0.000908
 5.24e-05
-0.000628
  0.00306
 -0.00152
 4.55e-05
-0.000887
 6.84e-05
    -0.01
  0.00088
 0.000935
 0.000101
-0.000885
 5.03e-05
 -0.00844
  0.00111
  0.00446
 7.78e-05
-0.000822
 7.49e-05
-0.000113
-0.000899
 3.86e-05
 3.84e-06
-0.000746
 0.000111
-1.98e-05
-0.000745
 0.000102
 7.58e-06
-0.000816
 8.03e-05
-0.000123
-0.000759
  7.3e-05
-3.81e-05
-0.000832
 6.46e-05
-3.05e-05
-0.000903
 4.62e-05
-4.36e-05
-0.000888
 6.12e-05
-8.27e-05
-0.000908
 4.78e-05
 0.000107
-0.000809
 8.35e-05
 7.49e-05
-0.000803
  8.4e-05
 2.27e-05
-0.000817
 7.31e-05
-9.69e-05
-0.000828
  8.9e-05
 0.000231
 -0.00077
 8.96e-05
 8.03e-05
-0.000747
   0.0001
 6.76e-05
-0.000743
 8.71e-05
-5.73e-05
-0.000816
 9.01e-05
-1.08e-05
 -0.00082
 8.52e-05
 2.91e-05
 -0.00077
 7.75e-05
-0.000111
-0.000749
 8.95e-05
-0.000127
-0.000745
 0.000109
Deltax_In_Group1 is 
 5.66e-07
-0.000773
 8.64e-05
-4.33e-05
-0.000724
 8.22e-05
-0.000126
-0.000762
 4.07e-05
  0.00027
-0.000823
  0.00011
 0.000198
-0.000793
 0.000108
 8.49e-05
-0.000747
 8.99e-05
  6.7e-05
 -0.00081
 6.83e-05
 0.000157
-0.000281
 0.000264
 5.96e-05
-0.000388
 0.000201
-0.000168
-0.000608
 9.32e-05
-0.000165
-0.000393
 0.000159
 0.000213
-0.000566
 0.000177
 -0.00028
-0.000503
 9.92e-05
-0.000223
-0.000543
 9.67e-05
 0.000138
-0.000521
 0.000185
-2.19e-06
 -0.00034
 0.000208
-6.64e-05
-0.000294
 0.000209
-0.000227
-0.000337
 0.000159
-0.000186
-0.000735
 7.39e-05
-0.000192
 -0.00072
 0.000123
-0.000294
-0.000297
 0.000159
 6.43e-05
-0.000612
  0.00014
 0.000287
-0.000611
 0.000187
-6.94e-05
-0.000517
 0.000138
 0.000283
-0.000388
 0.000255
 0.000215
-0.000344
  0.00025
-9.42e-07
-0.000566
 0.000144
-0.000228
-0.000169
 0.000222
-6.67e-05
 -7.2e-05
  0.00027
 5.85e-05
-0.000168
 0.000264
-0.000168
-0.000171
 0.000221
 0.000215
-0.000122
 0.000315
-3.74e-06
-0.000116
 0.000271
  0.00028
-0.000164
 0.000317
-0.000294
-7.55e-05
 0.000222
 0.000165
-4.74e-05
 0.000331
Deltax_In_Group0 is 
   0.0148
  0.00597
 -0.00405
   0.0133
  0.00146
 -0.00366
  0.00284
  0.00366
 -0.00385
  0.00142
   0.0058
 -0.00287
 -0.00212
  0.00631
 -0.00166
  -0.0138
  0.00308
  0.00159
 6.58e-05
-0.000943
 5.39e-05
 5.85e-05
-0.000956
 5.13e-05
 1.19e-05
 -0.00095
 5.21e-05
-0.000781
  0.00345
 -0.00174
 2.66e-05
-0.000925
 6.46e-05
  -0.0114
   0.0011
  0.00108
 0.000111
-0.000951
  5.5e-05
 -0.00973
  0.00129
  0.00519
 6.16e-05
-0.000889
 9.48e-05
-9.12e-05
-0.000931
 3.64e-05
 1.39e-05
-0.000827
 0.000131
-2.48e-05
-0.000821
 0.000124
 1.37e-05
-0.000882
 9.29e-05
-0.000126
-0.000859
 6.77e-05
 6.64e-06
-0.000907
 6.09e-05
-3.03e-05
-0.000936
 4.57e-05
-4.94e-06
-0.000947
 5.21e-05
-5.39e-05
 -0.00095
  3.8e-05
 0.000103
-0.000882
 0.000109
 4.65e-05
-0.000837
 0.000126
 3.56e-05
-0.000894
 7.71e-05
-8.77e-05
-0.000881
 8.92e-05
 0.000249
-0.000869
 9.57e-05
  7.8e-05
-0.000822
 0.000114
 6.22e-05
-0.000829
  8.8e-05
-3.08e-05
-0.000878
 8.66e-05
-1.86e-05
-0.000877
 9.55e-05
  3.5e-05
-0.000874
 8.22e-05
-0.000102
-0.000839
 9.19e-05
 -0.00013
-0.000824
 0.000121
Deltax_In_Group1 is 
-9.47e-06
-0.000849
 6.37e-05
-6.48e-05
-0.000804
 7.94e-05
-0.000137
-0.000857
 2.59e-05
 0.000304
-0.000898
 7.69e-05
 0.000208
-0.000874
 8.42e-05
 8.21e-05
-0.000818
 7.38e-05
 7.74e-05
-0.000883
 3.92e-05
 0.000143
-0.000329
 0.000264
 6.34e-05
-0.000415
 0.000212
 -0.00019
-0.000659
 9.22e-05
-0.000187
-0.000419
 0.000179
 0.000221
-0.000627
 0.000159
-0.000329
-0.000557
 0.000109
-0.000264
-0.000593
 9.59e-05
 0.000133
 -0.00059
 0.000161
-1.92e-05
-0.000374
  0.00022
-0.000104
-0.000334
 0.000221
-0.000271
 -0.00037
 0.000176
-0.000213
-0.000812
 6.56e-05
-0.000223
  -0.0008
 0.000145
-0.000358
-0.000334
 0.000179
  6.8e-05
-0.000664
  0.00013
 0.000319
-0.000665
 0.000172
-9.65e-05
-0.000578
 0.000133
 0.000313
-0.000414
  0.00026
 0.000224
-0.000377
 0.000254
 -1.6e-05
-0.000623
 0.000136
-0.000273
-0.000178
 0.000261
-0.000106
-8.69e-05
 0.000303
 6.85e-05
-0.000163
 0.000303
 -0.00019
-0.000165
 0.000268
 0.000227
-0.000123
 0.000343
-2.11e-05
-0.000124
 0.000308
 0.000328
-0.000154
 0.000351
-0.000363
-9.03e-05
 0.000262
 0.000148
-5.28e-05
 0.000372
