np.array([[419463,-120999,-115237,1152.37,112932,-57618.6,0,0,0,1152.37,-57618.6,112932,-56466.2,56466.2,56466.2,0,0,0,-55313.8,-58770.9,-2304.74,0,0,0,0,0,0,0,0,0,-55313.8,7.00315e-61,-61075.7,-112932,56466.2,-57618.6,0,0,0,-56466.2,0,53009.1,0,0,0,0,0,0,0,0,0,0,0,0,0,0,0,0,0,0,55313.8,-114085,56466.2,0,0,0,0,0,0,0,0,0,0,0,0,0,0,0,0,0,0],
[-120999,187836,-2304.74,-2304.74,4.5453e-28,-1152.37,0,0,0,56466.2,2304.74,-58770.9,-4.5453e-28,1152.37,-2.47269e-42,0,0,0,-57618.6,-59923.3,0,0,0,0,0,0,0,0,0,0,56466.2,-56466.2,-1152.37,56466.2,-55313.8,55313.8,0,0,0,-2.27265e-27,-53009.1,-59923.3,0,0,0,0,0,0,0,0,0,0,0,0,0,0,0,0,0,0,-6.33248e-12,57618.6,55313.8,0,0,0,0,0,0,0,0,0,0,0,0,0,0,0,0,0,0],
[-115237,-2304.74,125608,0,-112932,56466.2,0,0,0,0,1152.37,-1152.37,56466.2,1152.37,-57618.6,0,0,0,0,0,-2304.74,0,0,0,0,0,0,0,0,0,-1.392e-27,0,-1152.37,56466.2,0,2.3181e-26,0,0,0,-1.42041e-27,55313.8,-57618.6,0,0,0,0,0,0,0,0,0,0,0,0,0,0,0,0,0,0,2304.74,-2304.74,-2304.74,0,0,0,0,0,0,0,0,0,0,0,0,0,0,0,0,0,0],
[4609.48,-9218.97,0,9218.97,0,0,0,0,0,0,0,0,1.81812e-27,-4609.48,0,0,0,0,0,0,0,0,0,0,0,0,0,0,0,0,0,0,0,0,0,0,0,0,0,1.81812e-27,-4609.48,4609.48,0,0,0,0,0,0,0,0,0,0,0,0,0,0,0,0,0,0,0,0,0,0,0,0,0,0,0,0,0,0,0,0,0,0,0,0,0,0,0],
[451729,1.81812e-27,-451729,0,474777,-235084,0,0,0,0,0,0,-230474,4609.48,225865,0,0,0,0,0,0,0,0,0,0,0,0,0,0,0,0,0,0,-235084,1.81812e-27,-9.09061e-26,0,0,0,-4609.48,-225865,225865,0,0,0,0,0,0,0,0,0,0,0,0,0,0,0,0,0,0,0,0,0,0,0,0,0,0,0,0,0,0,0,0,0,0,0,0,0,0,0],
[-230474,-4609.48,225865,0,-235084,248912,0,0,0,0,0,0,225865,-4.5453e-26,-225865,0,0,0,0,0,0,0,0,0,0,0,0,0,0,0,0,0,0,-4609.48,-4609.48,4609.48,0,0,0,-4609.48,-4609.48,9218.97,0,0,0,0,0,0,0,0,0,0,0,0,0,0,0,0,0,0,0,0,0,0,0,0,0,0,0,0,0,0,0,0,0,0,0,0,0,0,0],
[0,0,0,0,0,0,419463,336492,-112932,-56466.2,-56466.2,2.2272e-26,0,0,0,-58770.9,0,-59923.3,-58770.9,-57618.6,56466.2,-58770.9,-5.07085e-27,-56466.2,0,0,0,0,0,0,0,0,0,0,0,0,1152.37,56466.2,-1152.37,0,0,0,0,0,0,0,0,0,-57618.6,-3457.11,-115237,0,0,0,-1152.37,-2304.74,-57618.6,0,0,0,-112932,58770.9,-1152.37,0,0,0,0,0,0,0,0,0,0,0,0,0,0,0,0,0,0],
[0,0,0,0,0,0,336492,359540,-117542,-57618.6,-61075.7,2.27265e-26,0,0,0,-57618.6,1152.37,-56466.2,0,1152.37,0,-58770.9,-4.872e-27,-56466.2,0,0,0,0,0,0,0,0,0,0,0,0,0,112932,-55313.8,0,0,0,0,0,0,0,0,0,-56466.2,-3457.11,-114085,0,0,0,0,0,-56466.2,0,0,0,-115237,55313.8,0,0,0,0,0,0,0,0,0,0,0,0,0,0,0,0,0,0,0],
[0,0,0,0,0,0,-112932,-117542,183227,-2304.74,-9.94285e-29,54161.4,0,0,0,56466.2,0,56466.2,-59923.3,-56466.2,56466.2,-9.94285e-29,0,56466.2,0,0,0,0,0,0,0,0,0,0,0,0,0,-1.392e-27,1152.37,0,0,0,0,0,0,0,0,0,-1152.37,-56466.2,1152.37,0,0,0,-1152.37,-56466.2,56466.2,0,0,0,1.44882e-27,-58770.9,1152.37,0,0,0,0,0,0,0,0,0,0,0,0,0,0,0,0,0,0],
[768.247,37644.1,0,0,0,0,-37644.1,-38412.4,-1536.49,362613,-82202.5,-116005,-1.2537e-11,75288.2,-39180.6,0,0,0,-39180.6,-39180.6,0,768.247,-38412.4,75288.2,-37644.1,37644.1,37644.1,0,0,0,0,0,0,0,0,0,0,0,0,-75288.2,-768.247,-38412.4,0,0,0,0,0,0,36875.9,-76056.5,37644.1,0,0,0,0,0,0,-37644.1,8.18745e-12,35339.4,768.247,-1.63749e-11,-40717.1,0,0,0,0,0,0,0,0,0,0,0,0,0,0,0,0,0,0],
[-38412.4,1536.49,768.247,0,0,0,-37644.1,-40717.1,-6.62857e-29,-82202.5,167478,-42253.6,-1536.49,-37644.1,-768.247,0,0,0,0,0,0,37644.1,1536.49,-39180.6,-8.52926e-14,768.247,0,0,0,0,0,0,0,0,0,0,0,0,0,37644.1,768.247,74520,0,0,0,0,0,0,-4.09373e-12,38412.4,36875.9,0,0,0,0,0,0,1.11739e-26,-35339.4,-39948.9,37644.1,-37644.1,-2304.74,0,0,0,0,0,0,0,0,0,0,0,0,0,0,0,0,0,0],
[75288.2,-39180.6,-768.247,0,0,0,1.4848e-26,1.5151e-26,36107.6,-116005,-42253.6,204354,1.27939e-11,-37644.1,37644.1,0,0,0,-37644.1,-37644.1,37644.1,-1.5151e-26,768.247,-768.247,37644.1,768.247,-38412.4,0,0,0,0,0,0,0,0,0,0,0,0,37644.1,0,-37644.1,0,0,0,0,0,0,1536.49,-1536.49,-1536.49,0,0,0,0,0,0,-1.89388e-29,36875.9,-38412.4,-768.247,-76824.7,768.247,0,0,0,0,0,0,0,0,0,0,0,0,0,0,0,0,0,0],
[-112932,-9.09061e-28,112932,9.09061e-28,-115237,112932,0,0,0,-3.76111e-11,-4609.48,3.83817e-11,126761,-2304.74,-115237,0,0,0,0,0,0,0,0,0,3.94052e-11,-2304.74,-3.91493e-11,0,0,0,0,0,0,0,0,0,0,0,0,0,0,4.5453e-26,0,0,0,0,0,0,0,0,0,0,0,0,0,0,0,-5.68163e-29,-2304.74,2304.74,0,0,0,0,0,0,0,0,0,0,0,0,0,0,0,0,0,0,0,0,0],
[112932,2304.74,2304.74,-2304.74,2304.74,-2.27265e-26,0,0,0,225865,-112932,-112932,-2304.74,361845,-119847,0,0,0,0,0,0,0,0,0,-115237,2304.74,112932,0,0,0,0,0,0,0,0,0,0,0,0,-119847,-117542,-117542,0,0,0,0,0,0,0,0,0,0,0,0,0,0,0,-2304.74,-112932,112932,0,0,0,0,0,0,0,0,0,0,0,0,0,0,0,0,0,0,0,0,0],
[112932,-4.94537e-42,-115237,0,112932,-112932,0,0,0,-117542,-2304.74,112932,-115237,-119847,246607,0,0,0,0,0,0,0,0,0,112932,0,-112932,0,0,0,0,0,0,0,0,0,0,0,0,-4609.48,-2304.74,4609.48,0,0,0,0,0,0,0,0,0,0,0,0,0,0,0,-2304.74,-2304.74,4609.48,0,0,0,0,0,0,0,0,0,0,0,0,0,0,0,0,0,0,0,0,0],
[0,0,0,0,0,0,-235084,-230474,225865,0,0,0,0,0,0,248912,-9218.97,-4609.48,0,0,0,-4609.48,4609.48,0,0,0,0,0,0,0,0,0,0,0,0,0,0,0,0,0,0,0,0,0,0,0,0,0,-5.11756e-13,9218.97,-4609.48,0,0,0,0,-225865,225865,0,0,0,0,0,0,0,0,0,0,0,0,0,0,0,0,0,0,0,0,0,0,0,0],
[0,0,0,0,0,0,0,4609.48,0,0,0,0,0,0,0,-9218.97,9218.97,0,0,0,0,4609.48,-4609.48,0,0,0,0,0,0,0,0,0,0,0,0,0,0,0,0,0,0,0,0,0,0,0,0,0,5.11756e-13,-4609.48,0,0,0,0,0,0,0,0,0,0,0,0,0,0,0,0,0,0,0,0,0,0,0,0,0,0,0,0,0,0,0],
[0,0,0,0,0,0,-239693,-225865,225865,0,0,0,0,0,0,-4609.48,0,244303,0,0,0,0,0,225865,0,0,0,0,0,0,0,0,0,0,0,0,0,0,0,0,0,0,0,0,0,0,0,0,0,-230474,0,0,0,0,0,-2.55878e-11,4609.48,0,0,0,0,0,0,0,0,0,0,0,0,0,0,0,0,0,0,0,0,0,0,0,0],
[-73751.8,-76824.7,0,0,0,0,-78361.2,0,-79897.7,-78361.2,0,-75288.2,0,0,0,0,0,0,476313,451729,-149040,0,0,0,0,0,0,1536.49,150576,-76824.7,-150576,75288.2,0,0,0,0,-1536.49,-3072.99,-76824.7,0,0,0,0,0,0,0,0,0,0,0,0,0,0,0,0,0,0,0,0,0,-76824.7,-4609.48,-153649,0,0,0,0,0,0,0,0,0,0,0,0,0,0,0,0,0,0],
[-78361.2,-79897.7,0,0,0,0,-76824.7,1536.49,-75288.2,-78361.2,0,-75288.2,0,0,0,0,0,0,451729,476313,-156722,0,0,0,0,0,0,1.856e-27,150576,-73751.8,-153649,75288.2,0,0,0,0,-2.27265e-26,0,-75288.2,0,0,0,0,0,0,0,0,0,0,0,0,0,0,0,0,0,0,0,0,0,-75288.2,-4609.48,-152113,0,0,0,0,0,0,0,0,0,0,0,0,0,0,0,0,0,0],
[-3072.99,0,-3072.99,0,0,0,75288.2,0,75288.2,0,0,75288.2,0,0,0,0,0,0,-149040,-156722,162868,0,0,0,0,0,0,0,-1.856e-27,1.81812e-27,1.93175e-27,-1536.49,1536.49,0,0,0,-1536.49,-75288.2,75288.2,0,0,0,0,0,0,0,0,0,0,0,0,0,0,0,0,0,0,0,0,0,-1536.49,-75288.2,1536.49,0,0,0,0,0,0,0,0,0,0,0,0,0,0,0,0,0,0],
[0,0,0,0,0,0,-117542,-117542,-1.98857e-28,2304.74,112932,-4.5453e-26,0,0,0,-2304.74,2304.74,0,0,0,0,248912,-4609.48,-117542,-2304.74,0,-2304.74,0,0,0,0,0,0,0,0,0,0,0,0,0,0,0,0,0,0,0,0,0,112932,0,3.49988e-26,0,0,0,0,0,0,-3.83787e-13,-115237,-2.784e-27,0,0,0,0,0,0,0,0,0,0,0,0,0,0,0,0,0,0,0,0,0],
[0,0,0,0,0,0,-1.01417e-26,-9.74399e-27,0,-115237,4609.48,2304.74,0,0,0,2304.74,-2304.74,0,0,0,0,-4609.48,126761,-122151,2.55878e-13,-112932,1.27939e-11,0,0,0,0,0,0,0,0,0,0,0,0,0,0,0,0,0,0,0,0,0,9.99967e-27,-9.48832e-27,-4609.48,0,0,0,0,0,0,-2.55878e-13,112932,112932,0,0,0,0,0,0,0,0,0,0,0,0,0,0,0,0,0,0,0,0,0],
[0,0,0,0,0,0,-112932,-112932,112932,225865,-117542,-2304.74,0,0,0,0,0,112932,0,0,0,-117542,-122151,361845,0,112932,-1.2538e-11,0,0,0,0,0,0,0,0,0,0,0,0,0,0,0,0,0,0,0,0,0,-2304.74,-230474,4609.48,0,0,0,0,0,0,-2.55878e-13,0,-112932,0,0,0,0,0,0,0,0,0,0,0,0,0,0,0,0,0,0,0,0,0],
[0,0,0,0,0,0,0,0,0,-225865,-5.11756e-13,225865,7.88104e-11,-230474,225865,0,0,0,0,0,0,-4609.48,5.11756e-13,0,244303,-4609.48,-230474,0,0,0,0,0,0,0,0,0,0,0,0,0,0,0,0,0,0,0,0,0,0,0,0,0,0,0,0,0,0,7.67574e-13,-1.53527e-12,2.55878e-11,0,0,0,0,0,0,0,0,0,0,0,0,0,0,0,0,0,0,0,0,0],
[0,0,0,0,0,0,0,0,0,225865,4609.48,4609.48,-4609.48,4609.48,0,0,0,0,0,0,0,0,-225865,225865,-4609.48,248912,-4609.48,0,0,0,0,0,0,0,0,0,0,0,0,0,0,0,0,0,0,0,0,0,0,0,0,0,0,0,0,0,0,-4609.48,-235084,-235084,0,0,0,0,0,0,0,0,0,0,0,0,0,0,0,0,0,0,0,0,0],
[0,0,0,0,0,0,0,0,0,225865,0,-230474,-7.82986e-11,225865,-225865,0,0,0,0,0,0,-4609.48,2.55878e-11,-2.5076e-11,-230474,-4609.48,244303,0,0,0,0,0,0,0,0,0,0,0,0,0,0,0,0,0,0,0,0,0,0,0,0,0,0,0,0,0,0,-4609.48,2.60995e-11,4609.48,0,0,0,0,0,0,0,0,0,0,0,0,0,0,0,0,0,0,0,0,0],
[0,0,0,0,0,0,0,0,0,0,0,0,0,0,0,0,0,0,1152.37,1.392e-27,0,0,0,0,0,0,0,359540,338797,-114085,-55313.8,-57618.6,-4.45724e-26,0,0,0,-57618.6,-9.65877e-28,-61075.7,0,0,0,-112932,56466.2,0,1152.37,112932,-57618.6,0,0,0,0,0,0,0,0,0,0,0,0,-58770.9,-1.392e-27,-57618.6,-1152.37,-2304.74,-57618.6,-57618.6,-3457.11,-115237,0,0,0,0,0,0,0,0,0,0,0,0],
[0,0,0,0,0,0,0,0,0,0,0,0,0,0,0,0,0,0,112932,112932,-1.392e-27,0,0,0,0,0,0,338797,475929,-176313,-116389,-58770.9,-1152.37,0,0,0,-57618.6,-55313.8,-56466.2,0,0,0,-115237,56466.2,4.5453e-28,6.26901e-12,112932,-55313.8,0,0,0,0,0,0,0,0,0,0,0,0,-58770.9,-112932,-115237,-1.70449e-26,-1.22812e-11,-56466.2,-56466.2,-3457.11,-114085,0,0,0,0,0,0,0,0,0,0,0,0],
[0,0,0,0,0,0,0,0,0,0,0,0,0,0,0,0,0,0,-57618.6,-55313.8,1.36359e-27,0,0,0,0,0,0,-114085,-176313,184379,54161.4,-1.44882e-27,-2304.74,0,0,0,55313.8,2.84081e-29,57618.6,0,0,0,6.52488e-12,-1152.37,1152.37,0,-6.26901e-12,6.14107e-12,0,0,0,0,0,0,0,0,0,0,0,0,-1152.37,56466.2,56466.2,-1152.37,-56466.2,56466.2,-1152.37,-56466.2,1152.37,0,0,0,0,0,0,0,0,0,0,0,0],
[-36875.9,37644.1,-9.27999e-28,0,0,0,0,0,0,0,0,0,0,0,0,0,0,0,-75288.2,-76824.7,9.65877e-28,0,0,0,0,0,0,-36875.9,-77593,36107.6,400257,-122151,-39180.6,768.247,75288.2,-39180.6,0,0,0,768.247,-2304.74,37644.1,-36875.9,-9.46938e-28,-40717.1,0,0,0,0,0,0,-75288.2,37644.1,-38412.4,0,0,0,0,0,0,1536.49,-768.247,74520,0,0,0,36875.9,-76056.5,37644.1,0,0,0,0,0,0,-37644.1,-8.18745e-12,35339.4,0,0,0],
[4.66877e-61,-37644.1,0,0,0,0,0,0,0,0,0,0,0,0,0,0,0,0,37644.1,37644.1,-768.247,0,0,0,0,0,0,-38412.4,-39180.6,-9.65877e-28,-122151,168246,-3072.99,-1536.49,0,-768.247,0,0,0,-768.247,1536.49,-2.08326e-28,37644.1,-37644.1,-768.247,0,0,0,0,0,0,37644.1,-36875.9,36875.9,0,0,0,0,0,0,37644.1,2304.74,-77593,0,0,0,-1.27929e-13,38412.4,36875.9,0,0,0,0,0,0,8.52926e-14,-35339.4,-39948.9,0,0,0],
[-40717.1,-768.247,-768.247,0,0,0,0,0,0,0,0,0,0,0,0,0,0,0,0,0,768.247,0,0,0,0,0,0,-2.97149e-26,-768.247,-1536.49,-39180.6,-3072.99,126761,1.4848e-26,-75288.2,38412.4,0,0,0,75288.2,-37644.1,-37644.1,-4.17934e-12,-1.5473e-26,-768.247,0,0,0,0,0,0,37644.1,8.52926e-12,-1.70585e-13,0,0,0,0,0,0,1.5151e-26,0,-37644.1,0,0,0,1536.49,-1536.49,-1536.49,0,0,0,0,0,0,-4.26463e-12,36875.9,-38412.4,0,0,0],
[-225865,112932,112932,0,-117542,-2304.74,0,0,0,0,0,0,0,0,0,0,0,0,0,0,0,0,0,0,0,0,0,0,0,0,2304.74,-4609.48,4.4544e-26,241998,-112932,112932,0,0,0,2304.74,110628,-232779,0,0,0,0,0,0,0,0,0,-5.11756e-13,0,0,0,0,0,0,0,0,0,0,0,0,0,0,0,0,0,0,0,0,0,0,0,-5.11756e-13,-2304.74,2304.74,0,0,0],
[112932,-110628,0,0,9.09061e-28,-2304.74,0,0,0,0,0,0,0,0,0,0,0,0,0,0,0,0,0,0,0,0,0,0,0,0,225865,0,-225865,-112932,357235,-237388,0,0,0,-115237,2304.74,225865,0,0,0,0,0,0,0,0,0,-117542,-2.60995e-11,0,0,0,0,0,0,0,0,0,0,0,0,0,0,0,0,0,0,0,0,0,0,-2304.74,-112932,112932,0,0,0],
[-115237,110628,4.63621e-26,0,-4.5453e-26,2304.74,0,0,0,0,0,0,0,0,0,0,0,0,0,0,0,0,0,0,0,0,0,0,0,0,-117542,-2304.74,115237,112932,-237388,246607,0,0,0,112932,2.18175e-26,-225865,0,0,0,0,0,0,0,0,0,-2304.74,-2304.74,2304.74,0,0,0,0,0,0,0,0,0,0,0,0,0,0,0,0,0,0,0,0,0,-2304.74,-2304.74,4609.48,0,0,0],
[0,0,0,0,0,0,768.247,0,0,0,0,0,0,0,0,0,0,0,-768.247,-1.13633e-26,-768.247,0,0,0,0,0,0,-38412.4,-38412.4,36875.9,0,0,0,0,0,0,283483,224328,-77593,0,0,0,0,0,0,0,0,0,-39180.6,-3.38057e-27,-38412.4,0,0,0,-38412.4,3.0302e-28,-40717.1,0,0,0,-38412.4,-36107.6,-768.247,768.247,37644.1,-768.247,-75288.2,39180.6,-768.247,-768.247,-1536.49,-38412.4,-38412.4,-2304.74,-76824.7,0,0,0,0,0,0],
[0,0,0,0,0,0,37644.1,75288.2,-9.27999e-28,0,0,0,0,0,0,0,0,0,-1536.49,0,-37644.1,0,0,0,0,0,0,-6.43918e-28,-36875.9,1.89388e-29,0,0,0,0,0,0,224328,397184,-156722,0,0,0,0,0,0,0,0,0,-39180.6,-75288.2,-76824.7,0,0,0,-38412.4,-36875.9,-37644.1,0,0,0,-76824.7,-2304.74,36875.9,0,75288.2,-36875.9,-76824.7,36875.9,-3.78775e-29,0,-8.18745e-12,-37644.1,-37644.1,-2304.74,-76056.5,0,0,0,0,0,0],
[0,0,0,0,0,0,-768.247,-36875.9,768.247,0,0,0,0,0,0,0,0,0,-38412.4,-37644.1,37644.1,0,0,0,0,0,0,-40717.1,-37644.1,38412.4,0,0,0,0,0,0,-77593,-156722,204354,0,0,0,0,0,0,0,0,0,-768.247,37644.1,37644.1,0,0,0,36875.9,0,38412.4,0,0,0,36107.6,8.52926e-14,35339.4,0,-4.17934e-12,768.247,4.34992e-12,-39180.6,768.247,-768.247,-37644.1,37644.1,-768.247,-37644.1,768.247,0,0,0,0,0,0],
[-37644.1,-1.5151e-27,-9.46938e-28,3.0302e-28,-768.247,-768.247,0,0,0,-75288.2,37644.1,37644.1,0,-39948.9,-1536.49,0,0,0,0,0,0,0,0,0,0,0,0,0,0,0,768.247,-768.247,75288.2,768.247,-38412.4,37644.1,0,0,0,164405,-76056.5,-1536.49,0,0,0,0,0,0,0,0,0,0,0,0,0,0,0,768.247,36875.9,-77593,-768.247,-1536.49,-39180.6,0,0,0,0,0,0,0,0,0,0,0,0,-1.27929e-13,1.1136e-26,3.73501e-60,-1.70585e-13,-768.247,768.247],
[0,-35339.4,36875.9,-768.247,-37644.1,-768.247,0,0,0,-768.247,768.247,0,0,-39180.6,-768.247,0,0,0,0,0,0,0,0,0,0,0,0,0,0,0,-2304.74,1536.49,-37644.1,36875.9,768.247,7.27248e-27,0,0,0,-76056.5,321896,-83739,0,0,0,0,0,0,0,0,0,0,0,0,0,0,0,-38412.4,768.247,75288.2,74520,-76824.7,0,0,0,0,0,0,0,0,0,0,0,0,0,-39948.9,-39180.6,-39180.6,-768.247,-37644.1,37644.1],
[35339.4,-39948.9,-38412.4,768.247,37644.1,1536.49,0,0,0,-38412.4,74520,-37644.1,1.5151e-26,-39180.6,1536.49,0,0,0,0,0,0,0,0,0,0,0,0,0,0,0,37644.1,-2.08326e-28,-37644.1,-77593,75288.2,-75288.2,0,0,0,-1536.49,-83739,245839,0,0,0,0,0,0,0,0,0,0,0,0,0,0,0,37644.1,-9.27999e-28,-75288.2,-40717.1,-768.247,39180.6,0,0,0,0,0,0,0,0,0,0,0,0,-1536.49,-768.247,1536.49,-768.247,-768.247,1536.49],
[0,0,0,0,0,0,0,0,0,0,0,0,0,0,0,0,0,0,0,0,0,0,0,0,0,0,0,-225865,-230474,1.30498e-11,-110628,112932,-1.2538e-11,0,0,0,0,0,0,0,0,0,361845,-124456,112932,-2.55878e-13,-115237,112932,0,0,0,0,0,-2304.74,0,0,0,0,0,0,0,0,0,0,0,0,2304.74,112932,-2304.74,0,0,0,0,0,0,115237,-119847,9.09061e-28,0,0,0],
[0,0,0,0,0,0,0,0,0,0,0,0,0,0,0,0,0,0,0,0,0,0,0,0,0,0,0,112932,112932,-2304.74,-2.84081e-27,-112932,-4.64189e-26,0,0,0,0,0,0,0,0,0,-124456,129066,-4609.48,2.55878e-13,2304.74,-2.84081e-27,0,0,0,0,0,0,0,0,0,0,0,0,0,0,0,0,0,0,0,2304.74,-115237,0,0,0,0,0,0,-2304.74,2304.74,2.55878e-13,0,0,0],
[0,0,0,0,0,0,0,0,0,0,0,0,0,0,0,0,0,0,0,0,0,0,0,0,0,0,0,0,9.09061e-28,2304.74,-122151,-2304.74,-2304.74,0,0,0,0,0,0,0,0,0,112932,-4609.48,129066,-2.55878e-13,-2304.74,5.68163e-29,0,0,0,0,0,2304.74,0,0,0,0,0,0,0,0,0,0,0,0,-9.09061e-28,-2304.74,-110628,0,0,0,0,0,0,112932,-115237,2304.74,0,0,0],
[0,0,0,0,0,0,0,0,0,0,0,0,0,0,0,0,0,0,0,0,0,0,0,0,0,0,0,4609.48,2.5076e-11,0,0,0,0,0,0,0,0,0,0,0,0,0,-5.11756e-13,5.11756e-13,-5.11756e-13,9218.97,2.66113e-11,-9218.97,0,0,0,0,0,0,0,0,0,0,0,0,0,0,0,4609.48,-2.55878e-11,-4609.48,9.89075e-42,-2.5076e-11,-4609.48,0,0,0,0,0,0,0,0,0,0,0,0],
[0,0,0,0,0,0,0,0,0,0,0,0,0,0,0,0,0,0,0,0,0,0,0,0,0,0,0,451729,451729,-2.5076e-11,0,0,0,0,0,0,0,0,0,0,0,0,-230474,4609.48,-4609.48,2.66113e-11,474777,-235084,0,0,0,0,0,0,0,0,0,0,0,0,0,0,0,-6.68159e-26,-225865,0,9.09061e-26,-451729,-235084,0,0,0,0,0,0,0,0,0,0,0,0],
[0,0,0,0,0,0,0,0,0,0,0,0,0,0,0,0,0,0,0,0,0,0,0,0,0,0,0,-230474,-221255,2.45643e-11,0,0,0,0,0,0,0,0,0,0,0,0,225865,-5.68163e-27,1.13633e-28,-9218.97,-235084,248912,0,0,0,0,0,0,0,0,0,0,0,0,0,0,0,-4609.48,5.11756e-13,4609.48,-4609.48,225865,0,0,0,0,0,0,0,0,0,0,0,0,0],
[0,0,0,0,0,0,-38412.4,-37644.1,-768.247,36875.9,-4.09373e-12,1536.49,0,0,0,-8.52926e-14,8.52926e-14,0,0,0,0,37644.1,3.33322e-27,-768.247,0,0,0,0,0,0,0,0,0,0,0,0,-39180.6,-39180.6,-768.247,0,0,0,0,0,0,0,0,0,129066,-42253.6,-39948.9,0,0,0,-1536.49,768.247,-1.5151e-26,-1536.49,-768.247,-1536.49,1536.49,37644.1,-9.46938e-28,0,0,0,0,0,0,0,0,0,37644.1,1.5151e-26,1.89388e-29,0,0,0,0,-38412.4,0],
[0,0,0,0,0,0,-2304.74,-2304.74,-37644.1,-76056.5,38412.4,-1536.49,0,0,0,1536.49,-768.247,-38412.4,0,0,0,0,-3.16277e-27,-76824.7,0,0,0,0,0,0,0,0,0,0,0,0,-3.38057e-27,-75288.2,37644.1,0,0,0,0,0,0,0,0,0,-42253.6,243534,-5377.73,0,0,0,2304.74,36875.9,8.52926e-14,2.27265e-28,-76824.7,-9.65877e-28,-768.247,2304.74,-1.27929e-13,0,0,0,0,0,0,0,0,0,3.31428e-27,-3.16277e-27,-1536.49,0,0,0,0,37644.1,37644.1],
[0,0,0,0,0,0,-76824.7,-76056.5,768.247,37644.1,36875.9,-1536.49,0,0,0,-768.247,0,0,0,0,0,1.16663e-26,-1536.49,1536.49,0,0,0,0,0,0,0,0,0,0,0,0,-38412.4,-76824.7,37644.1,0,0,0,0,0,0,0,0,0,-39948.9,-5377.73,246607,0,0,0,-768.247,37644.1,36875.9,-39180.6,75288.2,768.247,74520,-77593,-37644.1,0,0,0,0,0,0,0,0,0,-768.247,-76824.7,1536.49,0,0,0,0,0,-37644.1],
[0,0,0,0,0,0,0,0,0,0,0,0,0,0,0,0,0,0,0,0,0,0,0,0,0,0,0,0,0,0,-451729,225865,225865,-1.02351e-12,-235084,-4609.48,0,0,0,0,0,0,0,0,0,0,0,0,0,0,0,474777,-225865,225865,0,0,0,0,0,0,0,0,0,0,0,0,0,0,0,0,0,0,0,0,0,4609.48,225865,-465558,0,0,0],
[0,0,0,0,0,0,0,0,0,0,0,0,0,0,0,0,0,0,0,0,0,0,0,0,0,0,0,0,0,0,225865,-221255,5.11756e-11,0,-5.21991e-11,-4609.48,0,0,0,0,0,0,0,0,0,0,0,0,0,0,0,-225865,239693,-239693,0,0,0,0,0,0,0,0,0,0,0,0,0,0,0,0,0,0,0,0,0,0,5.0152e-11,225865,0,0,0],
[0,0,0,0,0,0,0,0,0,0,0,0,0,0,0,0,0,0,0,0,0,0,0,0,0,0,0,0,0,0,-230474,221255,-1.02351e-12,0,0,4609.48,0,0,0,0,0,0,-4609.48,0,4609.48,0,0,0,0,0,0,225865,-239693,244303,0,0,0,0,0,0,0,0,0,0,0,0,0,0,0,0,0,0,0,0,0,0,0,-225865,0,0,0],
[0,0,0,0,0,0,-2304.74,0,-2304.74,0,0,0,0,0,0,0,0,0,0,0,0,0,0,0,0,0,0,0,0,0,0,0,0,0,0,0,-115237,-115237,110628,0,0,0,0,0,0,0,0,0,-4609.48,6914.23,-2304.74,0,0,0,131370,-4609.48,-4609.48,0,0,0,0,0,0,0,0,0,0,0,0,0,-112932,112932,-2.55878e-13,4609.48,-2304.74,0,0,0,0,0,0],
[0,0,0,0,0,0,-4609.48,0,-112932,0,0,0,0,0,0,-112932,0,-1.27939e-11,0,0,0,0,0,0,0,0,0,0,0,0,0,0,0,0,0,0,9.09061e-28,-110628,0,0,0,0,0,0,0,0,0,0,2304.74,110628,112932,0,0,0,-4609.48,239693,-117542,0,0,0,0,0,0,0,0,0,0,0,0,0,0,0,2.55878e-13,-2304.74,6.81795e-28,0,0,0,0,0,0],
[0,0,0,0,0,0,-115237,-112932,112932,0,0,0,0,0,0,112932,0,2304.74,0,0,0,0,0,0,0,0,0,0,0,0,0,0,0,0,0,0,-122151,-112932,115237,0,0,0,0,0,0,0,0,0,-4.5453e-26,2.55878e-13,110628,0,0,0,-4609.48,-117542,244303,0,0,0,0,0,0,0,0,0,0,0,0,0,-1.27939e-11,2304.74,-3.3408e-26,-115237,0,0,0,0,0,0,0],
[0,0,0,0,0,0,0,0,0,-56466.2,1.67608e-26,-2.84081e-29,-2.84081e-29,-1152.37,-1152.37,0,0,0,0,0,0,-1.91893e-13,-1.27939e-13,-1.27939e-13,1.91893e-13,-1152.37,-1152.37,0,0,0,0,0,0,0,0,0,0,0,0,1152.37,-57618.6,56466.2,0,0,0,0,0,0,-2304.74,3.40898e-28,-58770.9,0,0,0,0,0,0,125608,-57618.6,-58770.9,1152.37,-1152.37,112932,0,0,0,0,0,0,0,0,0,0,0,0,0,0,0,1.91893e-13,-3.83817e-13,0],
[0,0,0,0,0,0,0,0,0,1.22812e-11,-53009.1,55313.8,-1152.37,-56466.2,-1152.37,0,0,0,0,0,0,-57618.6,56466.2,0,-3.83817e-13,-58770.9,6.52488e-12,0,0,0,0,0,0,0,0,0,0,0,0,55313.8,1152.37,-1.392e-27,0,0,0,0,0,0,-1152.37,-115237,112932,0,0,0,0,0,0,-57618.6,304226,-6914.23,-3457.11,2304.74,-56466.2,0,0,0,0,0,0,0,0,0,0,0,0,0,0,0,-1152.37,-58770.9,-58770.9],
[0,0,0,0,0,0,0,0,0,53009.1,-59923.3,-57618.6,1152.37,56466.2,2304.74,0,0,0,0,0,0,-1.392e-27,56466.2,-56466.2,6.39694e-12,-58770.9,1152.37,0,0,0,0,0,0,0,0,0,0,0,0,-116389,112932,-112932,0,0,0,0,0,0,-2304.74,-1.44882e-27,1152.37,0,0,0,0,0,0,-58770.9,-6914.23,245455,56466.2,-3.40898e-28,-56466.2,0,0,0,0,0,0,0,0,0,0,0,0,0,0,0,-1152.37,-1.63631e-26,1152.37],
[18437.9,-2.11083e-12,768.247,0,0,0,-37644.1,-38412.4,4.82938e-28,384.124,18822.1,-384.124,0,0,0,0,0,0,-19206.2,-18822.1,-384.124,0,0,0,0,0,0,-19590.3,-19590.3,-384.124,768.247,18822.1,7.5755e-27,0,0,0,-19206.2,-38412.4,18053.8,-384.124,37260,-20358.6,0,0,0,0,0,0,768.247,-384.124,37260,0,0,0,0,0,0,384.124,-1152.37,18822.1,264661,-82202.5,-39564.7,0,0,0,384.124,-4.09373e-12,-20358.6,0,0,0,18437.9,-38028.2,18822.1,-37644.1,-384.124,-19206.2,-18822.1,-8.18745e-12,17669.7],
[-38028.2,19206.2,-768.247,0,0,0,19590.3,18437.9,-19590.3,-8.18745e-12,-18822.1,-38412.4,0,0,0,0,0,0,-1152.37,-1152.37,-18822.1,0,0,0,0,0,0,-4.64e-28,-37644.1,18822.1,-384.124,1152.37,0,0,0,0,-18053.8,-1152.37,4.26463e-14,-768.247,-38412.4,-384.124,0,0,0,0,0,0,18822.1,1152.37,-38796.5,0,0,0,0,0,0,-384.124,768.247,-1.13633e-28,-82202.5,205890,-4225.36,0,0,0,18822.1,-18822.1,-1152.37,0,0,0,0,19206.2,18437.9,18822.1,384.124,37260,0,-17669.7,-19974.4],
[18822.1,18437.9,-768.247,0,0,0,-384.124,0,384.124,-20358.6,-1152.37,384.124,0,0,0,0,0,0,-38412.4,-38028.2,384.124,0,0,0,0,0,0,-19206.2,-38412.4,18822.1,37260,-38796.5,-18822.1,0,0,0,-384.124,18437.9,17669.7,-19590.3,0,19590.3,0,0,0,0,0,0,-4.73469e-28,-6.39645e-14,-18822.1,0,0,0,0,0,0,37644.1,-18822.1,-18822.1,-39564.7,-4225.36,186684,0,0,0,-384.124,-38412.4,384.124,0,0,0,768.247,-768.247,-768.247,18822.1,4.09373e-12,-18822.1,0,18437.9,-19206.2],
[0,0,0,0,0,0,0,0,0,0,0,0,0,0,0,0,0,0,0,0,0,0,0,0,0,0,0,-2304.74,-3.40898e-26,-2304.74,0,0,0,0,0,0,2304.74,0,0,0,0,0,0,0,0,2304.74,-3.3408e-26,-2304.74,0,0,0,0,0,0,0,0,0,0,0,0,0,0,0,11523.7,3.38315e-26,-6914.23,-2304.74,4609.48,-2304.74,2304.74,0,-2304.74,0,0,-2304.74,0,0,0,0,0,0],
[0,0,0,0,0,0,0,0,0,0,0,0,0,0,0,0,0,0,0,0,0,0,0,0,0,0,0,-4609.48,-2.45624e-11,-112932,0,0,0,0,0,0,112932,225865,-1.2538e-11,0,0,0,0,0,0,-1.27939e-11,-112932,2.55878e-13,0,0,0,0,0,0,0,0,0,0,0,0,0,0,0,3.38315e-26,472472,-235084,-115237,115237,110628,0,-112932,0,4.5453e-26,-225865,-117542,0,0,0,0,0,0],
[0,0,0,0,0,0,0,0,0,0,0,0,0,0,0,0,0,0,0,0,0,0,0,0,0,0,0,-115237,-112932,112932,0,0,0,0,0,0,-2304.74,-110628,2304.74,0,0,0,0,0,0,-2304.74,0,2304.74,0,0,0,0,0,0,0,0,0,0,0,0,0,0,0,-6914.23,-235084,246607,112932,4.35213e-26,-2304.74,-2304.74,-3.3408e-26,2304.74,-2304.74,112932,-3.83787e-13,0,0,0,0,0,0],
[0,0,0,0,0,0,0,0,0,0,0,0,0,0,0,0,0,0,0,0,0,0,0,0,0,0,0,-38412.4,-37644.1,-768.247,36875.9,-1.27929e-13,1536.49,0,0,0,-75288.2,-76824.7,4.34992e-12,0,0,0,768.247,0,-3.0302e-28,1.64846e-42,1.5151e-26,-768.247,0,0,0,0,0,0,0,0,0,0,0,0,768.247,37644.1,-768.247,-768.247,-38412.4,37644.1,166710,-82202.5,36875.9,0,0,0,768.247,37644.1,-768.247,-768.247,-768.247,-1536.49,38412.4,-39948.9,0],
[0,0,0,0,0,0,0,0,0,0,0,0,0,0,0,0,0,0,0,0,0,0,0,0,0,0,0,-2304.74,-2304.74,-37644.1,-76056.5,38412.4,-1536.49,0,0,0,39180.6,36875.9,-39180.6,0,0,0,37644.1,768.247,-768.247,-4.17934e-12,-75288.2,37644.1,0,0,0,0,0,0,0,0,0,0,0,0,-8.18745e-12,-37644.1,-76824.7,1536.49,38412.4,1.45071e-26,-82202.5,244303,33802.9,0,0,0,1.27929e-13,768.247,-38412.4,8.52926e-14,-39180.6,0,-768.247,768.247,0],
[0,0,0,0,0,0,0,0,0,0,0,0,0,0,0,0,0,0,0,0,0,0,0,0,0,0,0,-76824.7,-76056.5,768.247,37644.1,36875.9,-1536.49,0,0,0,-768.247,-3.78775e-29,768.247,0,0,0,-768.247,-38412.4,-36875.9,-768.247,-39180.6,0,0,0,0,0,0,0,0,0,0,0,0,0,-40717.1,-2304.74,768.247,-768.247,36875.9,-768.247,36875.9,33802.9,169014,0,0,0,1.89388e-29,-768.247,-36875.9,-39180.6,37644.1,1536.49,37644.1,-38412.4,768.247],
[0,0,0,0,0,0,0,0,0,0,0,0,0,0,0,0,0,0,0,0,0,0,0,0,0,0,0,0,0,0,0,0,0,0,0,0,-4609.48,0,-4609.48,0,0,0,0,0,0,0,0,0,0,0,0,0,0,0,0,0,0,0,0,0,0,0,0,4609.48,0,-4609.48,0,0,0,13828.5,-1.81812e-27,-4609.48,-4609.48,9218.97,-4609.48,0,0,0,0,0,0],
[0,0,0,0,0,0,0,0,0,0,0,0,0,0,0,0,0,0,0,0,0,0,0,0,0,0,0,0,0,0,0,0,0,0,0,0,-9218.97,-4.91247e-11,-225865,0,0,0,0,0,0,0,0,0,0,0,0,0,0,0,-225865,0,-2.55878e-11,0,0,0,0,0,0,0,-225865,-6.68159e-26,0,0,0,-1.81812e-27,470167,-235084,1.81812e-27,225865,225865,0,0,0,0,0,0],
[0,0,0,0,0,0,0,0,0,0,0,0,0,0,0,0,0,0,0,0,0,0,0,0,0,0,0,0,0,0,0,0,0,0,0,0,-230474,-225865,225865,0,0,0,0,0,0,0,0,0,0,0,0,0,0,0,225865,0,4609.48,0,0,0,0,0,0,-4609.48,0,4609.48,0,0,0,-4609.48,-235084,244303,-9.09061e-26,9.27242e-26,-4609.48,0,0,0,0,0,0],
[0,0,0,0,0,0,0,0,0,0,0,0,0,0,0,0,0,0,0,0,0,0,0,0,0,0,0,0,0,0,0,0,0,0,0,0,-57618.6,-56466.2,-1152.37,0,0,0,0,0,0,0,0,0,56466.2,4.97142e-27,-1152.37,0,0,0,-1.27939e-13,1.27939e-13,-1.6704e-26,0,0,0,55313.8,0,2304.74,0,2.27265e-26,-1152.37,1152.37,1.91893e-13,2.84081e-29,-1152.37,4.5453e-28,-2.27265e-26,69142.3,-61075.7,-1152.37,0,0,0,-1152.37,-1152.37,-1152.37],
[0,0,0,0,0,0,0,0,0,0,0,0,0,0,0,0,0,0,0,0,0,0,0,0,0,0,0,0,0,0,0,0,0,0,0,0,-3457.11,-3457.11,-56466.2,0,0,0,0,0,0,0,0,0,2.27265e-26,-4.74416e-27,-115237,0,0,0,2304.74,-1152.37,-57618.6,0,0,0,-114085,57618.6,-2304.74,0,-112932,56466.2,56466.2,1152.37,-1152.37,2304.74,56466.2,2.3181e-26,-61075.7,301921,53009.1,0,0,0,0,-58770.9,0],
[0,0,0,0,0,0,0,0,0,0,0,0,0,0,0,0,0,0,0,0,0,0,0,0,0,0,0,0,0,0,0,0,0,0,0,0,-115237,-114085,1152.37,0,0,0,0,0,0,0,0,0,2.84081e-29,-2304.74,2304.74,0,0,0,-1152.37,3.40898e-28,0,0,0,0,56466.2,55313.8,-2304.74,-1152.37,-58770.9,-1.91893e-13,-1152.37,-57618.6,-55313.8,-1152.37,56466.2,-1152.37,-1152.37,53009.1,188989,0,0,0,-58770.9,56466.2,1152.37],
[0,0,0,0,0,0,0,0,0,0,0,0,0,0,0,0,0,0,0,0,0,0,0,0,0,0,0,0,0,0,-56466.2,1.27939e-13,-6.39694e-12,-2.55878e-13,-1152.37,-1152.37,0,0,0,-1.91893e-13,-59923.3,-2304.74,57618.6,-1152.37,56466.2,0,0,0,0,0,0,1152.37,0,0,0,0,0,0,0,0,-112932,56466.2,56466.2,0,0,0,-1152.37,1.27939e-13,-58770.9,0,0,0,0,0,0,183227,-112932,55313.8,1152.37,56466.2,-116389],
[0,0,0,0,0,0,0,0,0,0,0,0,0,0,0,0,0,0,0,0,0,0,0,0,0,0,0,0,0,0,-1.22812e-11,-53009.1,55313.8,-1152.37,-56466.2,-1152.37,0,0,0,1.6704e-26,-58770.9,-1152.37,-59923.3,1152.37,-57618.6,0,0,0,0,0,0,56466.2,1.2538e-11,0,0,0,0,0,0,0,-1152.37,1152.37,1.22812e-11,0,0,0,-1152.37,-58770.9,56466.2,0,0,0,0,0,0,-112932,301921,-65685.2,0,1.2538e-11,56466.2],
[0,0,0,0,0,0,0,0,0,0,0,0,0,0,0,0,0,0,0,0,0,0,0,0,0,0,0,0,0,0,53009.1,-59923.3,-57618.6,1152.37,56466.2,2304.74,0,0,0,5.60252e-60,-58770.9,2304.74,4.5453e-28,1.27939e-13,1152.37,0,0,0,0,0,0,-116389,56466.2,-56466.2,0,0,0,0,0,0,-57618.6,111780,-56466.2,0,0,0,-2304.74,0,2304.74,0,0,0,0,0,0,55313.8,-65685.2,245455,0,0,-56466.2],
[0,0,0,0,0,0,0,0,0,0,0,0,0,0,0,0,0,0,0,0,0,0,0,0,0,0,0,0,0,0,0,0,0,0,0,0,0,0,0,-3.4117e-13,-1536.49,-1536.49,0,0,0,0,0,0,0,0,0,0,0,0,0,0,0,2.55858e-13,-1536.49,-1536.49,-75288.2,0,0,0,0,0,76824.7,-1536.49,75288.2,0,0,0,-1536.49,0,-78361.2,1536.49,0,0,86043.7,-75288.2,-1536.49],
[0,0,0,0,0,0,0,0,0,0,0,0,0,0,0,0,0,0,0,0,0,0,0,0,0,0,0,0,0,0,0,0,0,0,0,0,0,0,0,-1536.49,-75288.2,-1536.49,0,0,0,0,0,0,-76824.7,75288.2,0,0,0,0,0,0,0,-5.11756e-13,-78361.2,-2.18175e-26,-3.27498e-11,-70678.8,73751.8,0,0,0,-79897.7,1536.49,-76824.7,0,0,0,-1536.49,-78361.2,75288.2,75288.2,1.67173e-11,0,-75288.2,322664,-7682.47],
[0,0,0,0,0,0,0,0,0,0,0,0,0,0,0,0,0,0,0,0,0,0,0,0,0,0,0,0,0,0,0,0,0,0,0,0,0,0,0,1536.49,75288.2,3072.99,0,0,0,0,0,0,0,75288.2,-75288.2,0,0,0,0,0,0,0,-78361.2,1536.49,70678.8,-79897.7,-76824.7,0,0,0,0,0,1536.49,0,0,0,-1536.49,0,1536.49,-155186,75288.2,-75288.2,-1536.49,-7682.47,245839]])





np.array([[419463,-120999,-115237,-55313.8,-58770.9,-2304.74,1152.37,112932,-57618.6,0,0,0,1152.37,-57618.6,112932,0,0,0,0,0,0,0,0,0,0,0,0,0,0,0,0,0,0,-112932,56466.2,-57618.6,-55313.8,0,-61075.7,55313.8,-114085,56466.2,-56466.2,0,53009.1,0,0,0,-56466.2,56466.2,56466.2,0,0,0,0,0,0,0,0,0,0,0,0,0,0,0,0,0,0,0,0,0,0,0,0,0,0,0,0,0,0],
[-120999,187836,-2304.74,-57618.6,-59923.3,0,-2304.74,9.09061e-28,-1152.37,0,0,0,56466.2,2304.74,-58770.9,0,0,0,0,0,0,0,0,0,0,0,0,0,0,0,0,0,0,56466.2,-55313.8,55313.8,56466.2,-56466.2,-1152.37,0,57618.6,55313.8,-1.81812e-27,-53009.1,-59923.3,0,0,0,-9.09061e-28,1152.37,0,0,0,0,0,0,0,0,0,0,0,0,0,0,0,0,0,0,0,0,0,0,0,0,0,0,0,0,0,0,0],
[-115237,-2304.74,125608,0,0,-2304.74,0,-112932,56466.2,0,0,0,0,1152.37,-1152.37,0,0,0,0,0,0,0,0,0,0,0,0,0,0,0,0,0,0,56466.2,0,4.63621e-26,0,0,-1152.37,2304.74,-2304.74,-2304.74,0,55313.8,-57618.6,0,0,0,56466.2,1152.37,-57618.6,0,0,0,0,0,0,0,0,0,0,0,0,0,0,0,0,0,0,0,0,0,0,0,0,0,0,0,0,0,0],
[-73751.8,-76824.7,0,476313,451729,-149040,0,0,0,-78361.2,0,-79897.7,-78361.2,0,-75288.2,-1536.49,-3072.99,-76824.7,0,0,0,0,0,0,0,0,0,0,0,0,0,0,0,0,0,0,-150576,75288.2,0,-76824.7,-4609.48,-153649,0,0,0,0,0,0,0,0,0,0,0,0,0,0,0,0,0,0,0,0,0,0,0,0,1536.49,150576,-76824.7,0,0,0,0,0,0,0,0,0,0,0,0],
[-78361.2,-79897.7,0,451729,476313,-156722,0,0,0,-76824.7,1536.49,-75288.2,-78361.2,0,-75288.2,-1.89388e-26,0,-75288.2,0,0,0,0,0,0,0,0,0,0,0,0,0,0,0,0,0,0,-153649,75288.2,0,-75288.2,-4609.48,-152113,0,0,0,0,0,0,0,0,0,0,0,0,0,0,0,0,0,0,0,0,0,0,0,0,0,150576,-73751.8,0,0,0,0,0,0,0,0,0,0,0,0],
[-3072.99,0,-3072.99,-149040,-156722,162868,0,0,0,75288.2,0,75288.2,0,0,75288.2,-1536.49,-75288.2,75288.2,0,0,0,0,0,0,0,0,0,0,0,0,0,0,0,0,0,0,0,-1536.49,1536.49,-1536.49,-75288.2,1536.49,0,0,0,0,0,0,0,0,0,0,0,0,0,0,0,0,0,0,0,0,0,0,0,0,0,0,0,0,0,0,0,0,0,0,0,0,0,0,0],
[4609.48,-9218.97,0,0,0,0,9218.97,0,0,0,0,0,0,0,0,0,0,0,0,0,0,0,0,0,0,0,0,0,0,0,0,0,0,0,0,0,0,0,0,0,0,0,3.63624e-27,-4609.48,4609.48,0,0,0,3.63624e-27,-4609.48,0,0,0,0,0,0,0,0,0,0,0,0,0,0,0,0,0,0,0,0,0,0,0,0,0,0,0,0,0,0,0],
[451729,3.63624e-27,-451729,0,0,0,0,474777,-235084,0,0,0,0,0,0,0,0,0,0,0,0,0,0,0,0,0,0,0,0,0,0,0,0,-235084,3.63624e-27,-1.81812e-25,0,0,0,0,0,0,-4609.48,-225865,225865,0,0,0,-230474,4609.48,225865,0,0,0,0,0,0,0,0,0,0,0,0,0,0,0,0,0,0,0,0,0,0,0,0,0,0,0,0,0,0],
[-230474,-4609.48,225865,0,0,0,0,-235084,248912,0,0,0,0,0,0,0,0,0,0,0,0,0,0,0,0,0,0,0,0,0,0,0,0,-4609.48,-4609.48,4609.48,0,0,0,0,0,0,-4609.48,-4609.48,9218.97,0,0,0,225865,-4.5453e-26,-225865,0,0,0,0,0,0,0,0,0,0,0,0,0,0,0,0,0,0,0,0,0,0,0,0,0,0,0,0,0,0],
[0,0,0,-58770.9,-57618.6,56466.2,0,0,0,419463,336492,-112932,-56466.2,-56466.2,4.4544e-26,1152.37,56466.2,-1152.37,-57618.6,-3457.11,-115237,0,0,0,-58770.9,0,-59923.3,0,0,0,0,0,0,0,0,0,0,0,0,-112932,58770.9,-1152.37,0,0,0,-58770.9,2.89763e-27,-56466.2,0,0,0,0,0,0,0,0,0,0,0,0,0,0,0,0,0,0,0,0,0,-1152.37,-2304.74,-57618.6,0,0,0,0,0,0,0,0,0],
[0,0,0,0,1152.37,0,0,0,0,336492,359540,-117542,-57618.6,-61075.7,4.5453e-26,0,112932,-55313.8,-56466.2,-3457.11,-114085,0,0,0,-57618.6,1152.37,-56466.2,0,0,0,0,0,0,0,0,0,0,0,0,-115237,55313.8,0,0,0,0,-58770.9,2.784e-27,-56466.2,0,0,0,0,0,0,0,0,0,0,0,0,0,0,0,0,0,0,0,0,0,0,0,-56466.2,0,0,0,0,0,0,0,0,0],
[0,0,0,-59923.3,-56466.2,56466.2,0,0,0,-112932,-117542,183227,-2304.74,5.68163e-29,54161.4,0,0,1152.37,-1152.37,-56466.2,1152.37,0,0,0,56466.2,0,56466.2,0,0,0,0,0,0,0,0,0,0,0,0,0,-58770.9,1152.37,0,0,0,5.68163e-29,0,56466.2,0,0,0,0,0,0,0,0,0,0,0,0,0,0,0,0,0,0,0,0,0,-1152.37,-56466.2,56466.2,0,0,0,0,0,0,0,0,0],
[768.247,37644.1,0,-39180.6,-39180.6,0,0,0,0,-37644.1,-38412.4,-1536.49,362613,-82202.5,-116005,0,0,0,36875.9,-76056.5,37644.1,-37644.1,-8.18745e-12,35339.4,0,0,0,0,0,0,0,0,0,0,0,0,0,0,0,768.247,-1.63749e-11,-40717.1,-75288.2,-768.247,-38412.4,768.247,-38412.4,75288.2,2.55858e-13,75288.2,-39180.6,0,0,0,0,0,0,0,0,0,0,0,0,-37644.1,37644.1,37644.1,0,0,0,0,0,0,0,0,0,0,0,0,0,0,0],
[-38412.4,1536.49,768.247,0,0,0,0,0,0,-37644.1,-40717.1,3.78775e-29,-82202.5,167478,-42253.6,0,0,0,2.55858e-13,38412.4,36875.9,2.9696e-26,-35339.4,-39948.9,0,0,0,0,0,0,0,0,0,0,0,0,0,0,0,37644.1,-37644.1,-2304.74,37644.1,768.247,74520,37644.1,1536.49,-39180.6,-1536.49,-37644.1,-768.247,0,0,0,0,0,0,0,0,0,0,0,0,0,768.247,0,0,0,0,0,0,0,0,0,0,0,0,0,0,0,0],
[75288.2,-39180.6,-768.247,-37644.1,-37644.1,37644.1,0,0,0,2.9696e-26,3.0302e-26,36107.6,-116005,-42253.6,204354,0,0,0,1536.49,-1536.49,-1536.49,0,36875.9,-38412.4,0,0,0,0,0,0,0,0,0,0,0,0,0,0,0,-768.247,-76824.7,768.247,37644.1,0,-37644.1,-3.0302e-26,768.247,-768.247,-7.5755e-27,-37644.1,37644.1,0,0,0,0,0,0,0,0,0,0,0,0,37644.1,768.247,-38412.4,0,0,0,0,0,0,0,0,0,0,0,0,0,0,0],
[0,0,0,-768.247,-9.46938e-27,-768.247,0,0,0,768.247,0,0,0,0,0,283483,224328,-77593,-39180.6,1.93175e-27,-38412.4,0,0,0,0,0,0,0,0,0,768.247,37644.1,-768.247,0,0,0,0,0,0,-38412.4,-36107.6,-768.247,0,0,0,0,0,0,0,0,0,-75288.2,39180.6,-768.247,0,0,0,0,0,0,0,0,0,0,0,0,-38412.4,-38412.4,36875.9,-38412.4,7.5755e-28,-40717.1,-768.247,-1536.49,-38412.4,0,0,0,-38412.4,-2304.74,-76824.7],
[0,0,0,-1536.49,0,-37644.1,0,0,0,37644.1,75288.2,0,0,0,0,224328,397184,-156722,-39180.6,-75288.2,-76824.7,0,0,0,0,0,0,0,0,0,0,75288.2,-36875.9,0,0,0,0,0,0,-76824.7,-2304.74,36875.9,0,0,0,0,0,0,0,0,0,-76824.7,36875.9,0,0,0,0,0,0,0,0,0,0,0,0,0,7.5755e-28,-36875.9,0,-38412.4,-36875.9,-37644.1,0,0,-37644.1,0,0,0,-37644.1,-2304.74,-76056.5],
[0,0,0,-38412.4,-37644.1,37644.1,0,0,0,-768.247,-36875.9,768.247,0,0,0,-77593,-156722,204354,-768.247,37644.1,37644.1,0,0,0,0,0,0,0,0,0,0,-4.17934e-12,768.247,0,0,0,0,0,0,36107.6,8.52926e-14,35339.4,0,0,0,0,0,0,0,0,0,4.34992e-12,-39180.6,768.247,0,0,0,0,0,0,0,0,0,0,0,0,-40717.1,-37644.1,38412.4,36875.9,0,38412.4,-768.247,-37644.1,37644.1,0,0,0,-768.247,-37644.1,768.247],
[0,0,0,0,0,0,0,0,0,-38412.4,-37644.1,-768.247,36875.9,2.55858e-13,1536.49,-39180.6,-39180.6,-768.247,129066,-42253.6,-39948.9,-1536.49,-768.247,-1536.49,-1.89388e-28,1.89388e-28,0,0,0,0,0,0,0,0,0,0,0,0,0,1536.49,37644.1,0,0,0,0,37644.1,-1.89388e-27,-768.247,0,0,0,0,0,0,0,0,0,0,0,0,0,0,0,0,0,0,0,0,0,-1536.49,768.247,-3.78775e-26,0,0,0,1.27929e-13,-38412.4,0,37644.1,-1.63749e-11,0],
[0,0,0,0,0,0,0,0,0,-2304.74,-2304.74,-37644.1,-76056.5,38412.4,-1536.49,1.93175e-27,-75288.2,37644.1,-42253.6,243534,-5377.73,6.0604e-28,-76824.7,0,1536.49,-768.247,-38412.4,0,0,0,0,0,0,0,0,0,0,0,0,-768.247,2304.74,-2.9696e-26,0,0,0,-1.63749e-11,1.89388e-27,-76824.7,0,0,0,0,0,0,0,0,0,0,0,0,0,0,0,0,0,0,0,0,0,2304.74,36875.9,8.52926e-14,0,0,0,0,37644.1,37644.1,-1.89388e-27,1.89388e-27,-1536.49],
[0,0,0,0,0,0,0,0,0,-76824.7,-76056.5,768.247,37644.1,36875.9,-1536.49,-38412.4,-76824.7,37644.1,-39948.9,-5377.73,246607,-39180.6,75288.2,768.247,-768.247,0,0,0,0,0,0,0,0,0,0,0,0,0,0,74520,-77593,-37644.1,0,0,0,3.09081e-26,-1536.49,1536.49,0,0,0,0,0,0,0,0,0,0,0,0,0,0,0,0,0,0,0,0,0,-768.247,37644.1,36875.9,0,0,0,0,0,-37644.1,-768.247,-76824.7,1536.49],
[0,0,0,0,0,0,0,0,0,0,0,0,-56466.2,4.4544e-26,0,0,0,0,-2304.74,9.09061e-28,-58770.9,125608,-57618.6,-58770.9,0,0,0,0,0,0,0,0,0,0,0,0,0,0,0,1152.37,-1152.37,112932,1152.37,-57618.6,56466.2,0,0,0,0,-1152.37,-1152.37,0,0,0,0,0,0,0,0,0,0,0,0,0,-1152.37,-1152.37,0,0,0,0,0,0,0,0,0,0,4.47712e-26,0,0,0,0],
[0,0,0,0,0,0,0,0,0,0,0,0,-1.22812e-11,-53009.1,55313.8,0,0,0,-1152.37,-115237,112932,-57618.6,304226,-6914.23,0,0,0,0,0,0,0,0,0,0,0,0,0,0,0,-3457.11,2304.74,-56466.2,55313.8,1152.37,0,-57618.6,56466.2,0,-1152.37,-56466.2,-1152.37,0,0,0,0,0,0,0,0,0,0,0,0,2.27265e-28,-58770.9,0,0,0,0,0,0,0,0,0,0,-1152.37,-58770.9,-58770.9,0,0,0],
[0,0,0,0,0,0,0,0,0,0,0,0,53009.1,-59923.3,-57618.6,0,0,0,-2304.74,0,1152.37,-58770.9,-6914.23,245455,0,0,0,0,0,0,0,0,0,0,0,0,0,0,0,56466.2,-9.09061e-28,-56466.2,-116389,112932,-112932,0,56466.2,-56466.2,1152.37,56466.2,2304.74,0,0,0,0,0,0,0,0,0,0,0,0,0,-58770.9,1152.37,0,0,0,0,0,0,0,0,0,-1152.37,-4.36349e-26,1152.37,0,0,0],
[0,0,0,0,0,0,0,0,0,-235084,-230474,225865,0,0,0,0,0,0,-1.13633e-27,9218.97,-4609.48,0,0,0,248912,-9218.97,-4609.48,0,0,0,0,0,0,0,0,0,0,0,0,0,0,0,0,0,0,-4609.48,4609.48,0,0,0,0,0,0,0,0,0,0,0,0,0,0,0,0,0,0,0,0,0,0,0,-225865,225865,0,0,0,0,0,0,0,0,0],
[0,0,0,0,0,0,0,0,0,0,4609.48,0,0,0,0,0,0,0,1.13633e-27,-4609.48,0,0,0,0,-9218.97,9218.97,0,0,0,0,0,0,0,0,0,0,0,0,0,0,0,0,0,0,0,4609.48,-4609.48,0,0,0,0,0,0,0,0,0,0,0,0,0,0,0,0,0,0,0,0,0,0,0,0,0,0,0,0,0,0,0,0,0,0],
[0,0,0,0,0,0,0,0,0,-239693,-225865,225865,0,0,0,0,0,0,0,-230474,0,0,0,0,-4609.48,0,244303,0,0,0,0,0,0,0,0,0,0,0,0,0,0,0,0,0,0,0,0,225865,0,0,0,0,0,0,0,0,0,0,0,0,0,0,0,0,0,0,0,0,0,0,-5.68163e-26,4609.48,0,0,0,0,0,0,0,0,0],
[0,0,0,0,0,0,0,0,0,0,0,0,0,0,0,0,0,0,0,0,0,0,0,0,0,0,0,361845,-124456,112932,0,0,0,0,0,0,-110628,112932,1.81812e-25,0,0,0,0,0,0,0,0,0,0,0,0,2304.74,112932,-2304.74,-2.55878e-13,-115237,112932,0,0,-2304.74,115237,-119847,1.81812e-27,0,0,0,-225865,-230474,1.30498e-11,0,0,0,0,0,0,0,0,0,0,0,0],
[0,0,0,0,0,0,0,0,0,0,0,0,0,0,0,0,0,0,0,0,0,0,0,0,0,0,0,-124456,129066,-4609.48,0,0,0,0,0,0,1.27939e-11,-112932,2.55878e-13,0,0,0,0,0,0,0,0,0,0,0,0,-3.83787e-13,2304.74,-115237,2.55878e-13,2304.74,1.27939e-11,0,0,0,-2304.74,2304.74,-1.81812e-27,0,0,0,112932,112932,-2304.74,0,0,0,0,0,0,0,0,0,0,0,0],
[0,0,0,0,0,0,0,0,0,0,0,0,0,0,0,0,0,0,0,0,0,0,0,0,0,0,0,112932,-4609.48,129066,0,0,0,0,0,0,-122151,-2304.74,-2304.74,0,0,0,0,0,0,0,0,0,0,0,0,-1.81812e-27,-2304.74,-110628,-2.55878e-13,-2304.74,-2.55878e-13,0,0,2304.74,112932,-115237,2304.74,0,0,0,0,1.81812e-27,2304.74,0,0,0,0,0,0,0,0,0,0,0,0],
[0,0,0,0,0,0,0,0,0,0,0,0,0,0,0,2304.74,0,0,0,0,0,0,0,0,0,0,0,0,0,0,11523.7,2.55878e-13,-6914.23,0,0,0,0,0,0,0,0,0,0,0,0,0,0,0,0,0,0,-2304.74,4609.48,-2304.74,2304.74,-2.784e-26,-2304.74,0,0,0,0,0,0,0,0,0,-2304.74,-2.84081e-26,-2304.74,0,0,0,2304.74,0,-2304.74,0,0,0,0,0,-2304.74],
[0,0,0,0,0,0,0,0,0,0,0,0,0,0,0,112932,225865,-1.2538e-11,0,0,0,0,0,0,0,0,0,0,0,0,2.55878e-13,472472,-235084,0,0,0,0,0,0,0,0,0,0,0,0,0,0,0,0,0,0,-115237,115237,110628,9.09061e-26,-112932,-1.81812e-27,0,0,0,0,0,0,0,0,0,-4609.48,0,-112932,0,0,0,0,-112932,0,0,0,0,1.13633e-25,-225865,-117542],
[0,0,0,0,0,0,0,0,0,0,0,0,0,0,0,-2304.74,-110628,2304.74,0,0,0,0,0,0,0,0,0,0,0,0,-6914.23,-235084,246607,0,0,0,0,0,0,0,0,0,0,0,0,0,0,0,0,0,0,112932,1.27939e-11,-2304.74,-2304.74,0,2304.74,0,0,0,0,0,0,0,0,0,-115237,-112932,112932,0,0,0,-2304.74,-8.90879e-26,2304.74,0,0,0,-2304.74,112932,7.67574e-13],
[-225865,112932,112932,0,0,0,0,-117542,-2304.74,0,0,0,0,0,0,0,0,0,0,0,0,0,0,0,0,0,0,0,0,0,0,0,0,241998,-112932,112932,2304.74,-4609.48,8.90879e-26,0,0,0,2304.74,110628,-232779,0,0,0,0,0,0,0,0,0,0,0,0,-1.81812e-27,0,0,-3.63624e-27,-2304.74,2304.74,0,0,0,0,0,0,0,0,0,0,0,0,0,0,0,0,0,0],
[112932,-110628,0,0,0,0,0,1.81812e-27,-2304.74,0,0,0,0,0,0,0,0,0,0,0,0,0,0,0,0,0,0,0,0,0,0,0,0,-112932,357235,-237388,225865,0,-225865,0,0,0,-115237,2304.74,225865,0,0,0,0,0,0,0,0,0,0,0,0,-117542,-9.27242e-26,0,-2304.74,-112932,112932,0,0,0,0,0,0,0,0,0,0,0,0,0,0,0,0,0,0],
[-115237,110628,9.27242e-26,0,0,0,0,-9.09061e-26,2304.74,0,0,0,0,0,0,0,0,0,0,0,0,0,0,0,0,0,0,0,0,0,0,0,0,112932,-237388,246607,-117542,-2304.74,115237,0,0,0,112932,6.63614e-26,-225865,0,0,0,0,0,0,0,0,0,0,0,0,-2304.74,-2304.74,2304.74,-2304.74,-2304.74,4609.48,0,0,0,0,0,0,0,0,0,0,0,0,0,0,0,0,0,0],
[-36875.9,37644.1,0,-75288.2,-76824.7,0,0,0,0,0,0,0,0,0,0,0,0,0,0,0,0,0,0,0,0,0,0,-36875.9,4.26463e-12,-40717.1,0,0,0,768.247,75288.2,-39180.6,400257,-122151,-39180.6,1536.49,-768.247,74520,768.247,-2304.74,37644.1,0,0,0,0,0,0,36875.9,-76056.5,37644.1,0,0,0,-75288.2,37644.1,-38412.4,-37644.1,8.18745e-12,35339.4,0,0,0,-36875.9,-77593,36107.6,0,0,0,0,0,0,0,0,0,0,0,0],
[0,-37644.1,0,37644.1,37644.1,-768.247,0,0,0,0,0,0,0,0,0,0,0,0,0,0,0,0,0,0,0,0,0,37644.1,-37644.1,-768.247,0,0,0,-1536.49,0,-768.247,-122151,168246,-3072.99,37644.1,2304.74,-77593,-768.247,1536.49,-6.0604e-28,0,0,0,0,0,0,0,38412.4,36875.9,0,0,0,37644.1,-36875.9,36875.9,-3.0302e-26,-35339.4,-39948.9,0,0,0,-38412.4,-39180.6,0,0,0,0,0,0,0,0,0,0,0,0,0],
[-40717.1,-768.247,-768.247,0,0,768.247,0,0,0,0,0,0,0,0,0,0,0,0,0,0,0,0,0,0,0,0,0,6.0604e-26,8.52926e-14,-768.247,0,0,0,2.9696e-26,-75288.2,38412.4,-39180.6,-3072.99,126761,3.0302e-26,2.55858e-13,-37644.1,75288.2,-37644.1,-37644.1,0,0,0,0,0,0,1536.49,-1536.49,-1536.49,0,0,0,37644.1,3.0302e-26,-6.0604e-28,3.0302e-26,36875.9,-38412.4,0,0,0,-5.9392e-26,-768.247,-1536.49,0,0,0,0,0,0,0,0,0,0,0,0],
[18437.9,0,768.247,-19206.2,-18822.1,-384.124,0,0,0,-37644.1,-38412.4,0,384.124,18822.1,-384.124,-19206.2,-38412.4,18053.8,768.247,-384.124,37260,384.124,-1152.37,18822.1,0,0,0,0,0,0,0,0,0,0,0,0,768.247,18822.1,1.5151e-26,264661,-82202.5,-39564.7,-384.124,37260,-20358.6,0,0,0,0,0,0,384.124,-6.05514e-12,-20358.6,0,0,0,0,0,0,-37644.1,-384.124,-19206.2,0,0,0,-19590.3,-19590.3,-384.124,0,0,0,0,0,0,-18822.1,-4.09373e-12,17669.7,18437.9,-38028.2,18822.1],
[-38028.2,19206.2,-768.247,-1152.37,-1152.37,-18822.1,0,0,0,19590.3,18437.9,-19590.3,-8.18745e-12,-18822.1,-38412.4,-18053.8,-1152.37,4.26463e-14,18822.1,1152.37,-38796.5,-384.124,768.247,-3.0302e-28,0,0,0,0,0,0,0,0,0,0,0,0,-384.124,1152.37,1.27929e-13,-82202.5,205890,-4225.36,-768.247,-38412.4,-384.124,0,0,0,0,0,0,18822.1,-18822.1,-1152.37,0,0,0,0,0,0,18822.1,384.124,37260,0,0,0,0,-37644.1,18822.1,0,0,0,0,0,0,0,-17669.7,-19974.4,1.27929e-13,19206.2,18437.9],
[18822.1,18437.9,-768.247,-38412.4,-38028.2,384.124,0,0,0,-384.124,0,384.124,-20358.6,-1152.37,384.124,-384.124,18437.9,17669.7,0,-1.4848e-26,-18822.1,37644.1,-18822.1,-18822.1,0,0,0,0,0,0,0,0,0,0,0,0,37260,-38796.5,-18822.1,-39564.7,-4225.36,186684,-19590.3,-8.18745e-12,19590.3,0,0,0,0,0,0,-384.124,-38412.4,384.124,0,0,0,0,0,0,18822.1,0,-18822.1,0,0,0,-19206.2,-38412.4,18822.1,0,0,0,0,0,0,0,18437.9,-19206.2,768.247,-768.247,-768.247],
[-37644.1,-1.21208e-27,0,0,0,0,6.0604e-28,-768.247,-768.247,0,0,0,-75288.2,37644.1,37644.1,0,0,0,0,0,0,768.247,36875.9,-77593,0,0,0,0,0,0,0,0,0,768.247,-38412.4,37644.1,768.247,-768.247,75288.2,-768.247,-1536.49,-39180.6,164405,-76056.5,-1536.49,0,0,0,0,-39948.9,-1536.49,0,0,0,0,0,0,0,0,0,0,2.9696e-26,0,0,0,0,0,0,0,0,0,0,0,0,0,-1.21208e-27,-768.247,768.247,0,0,0],
[0,-35339.4,36875.9,0,0,0,-768.247,-37644.1,-768.247,0,0,0,-768.247,768.247,0,0,0,0,0,0,0,-38412.4,768.247,75288.2,0,0,0,0,0,0,0,0,0,36875.9,768.247,2.21205e-26,-2304.74,1536.49,-37644.1,74520,-76824.7,-1.63749e-11,-76056.5,321896,-83739,0,0,0,0,-39180.6,-768.247,0,0,0,0,0,0,0,0,0,-39948.9,-39180.6,-39180.6,0,0,0,0,0,0,0,0,0,0,0,0,-768.247,-37644.1,37644.1,0,0,0],
[35339.4,-39948.9,-38412.4,0,0,0,768.247,37644.1,1536.49,0,0,0,-38412.4,74520,-37644.1,0,0,0,0,0,0,37644.1,0,-75288.2,0,0,0,0,0,0,0,0,0,-77593,75288.2,-75288.2,37644.1,-6.0604e-28,-37644.1,-40717.1,-768.247,39180.6,-1536.49,-83739,245839,0,0,0,3.0302e-26,-39180.6,1536.49,0,0,0,0,0,0,0,0,0,-1536.49,-768.247,1536.49,0,0,0,0,0,0,0,0,0,0,0,0,-768.247,-768.247,1536.49,0,0,0],
[0,0,0,0,0,0,0,0,0,-117542,-117542,1.13633e-28,2304.74,112932,-9.09061e-26,0,0,0,112932,-4.91247e-11,9.27242e-26,0,-115237,0,-2304.74,2304.74,0,0,0,0,0,0,0,0,0,0,0,0,0,0,0,0,0,0,0,248912,-4609.48,-117542,0,0,0,0,0,0,0,0,0,0,0,0,0,0,0,-2304.74,0,-2304.74,0,0,0,0,0,0,0,0,0,0,0,0,0,0,0],
[0,0,0,0,0,0,0,0,0,5.79526e-27,5.568e-27,0,-115237,4609.48,2304.74,0,0,0,-5.68163e-27,5.68163e-27,-4609.48,0,112932,112932,2304.74,-2304.74,0,0,0,0,0,0,0,0,0,0,0,0,0,0,0,0,0,0,0,-4609.48,126761,-122151,0,0,0,0,0,0,0,0,0,0,0,0,0,0,0,0,-112932,0,0,0,0,0,0,0,0,0,0,0,0,0,0,0,0],
[0,0,0,0,0,0,0,0,0,-112932,-112932,112932,225865,-117542,-2304.74,0,0,0,-2304.74,-230474,4609.48,0,0,-112932,0,0,112932,0,0,0,0,0,0,0,0,0,0,0,0,0,0,0,0,0,0,-117542,-122151,361845,0,0,0,0,0,0,0,0,0,0,0,0,0,0,0,0,112932,0,0,0,0,0,0,0,0,0,0,0,0,0,0,0,0],
[-112932,-1.81812e-27,112932,0,0,0,1.81812e-27,-115237,112932,0,0,0,7.67574e-13,-4609.48,-2.27265e-26,0,0,0,0,0,0,0,-2304.74,2304.74,0,0,0,0,0,0,0,0,0,0,0,0,0,0,0,0,0,0,0,0,9.09061e-26,0,0,0,126761,-2304.74,-115237,0,0,0,0,0,0,0,0,0,0,0,0,-2.3181e-26,-2304.74,2.3181e-26,0,0,0,0,0,0,0,0,0,0,0,0,0,0,0],
[112932,2304.74,2304.74,0,0,0,-2304.74,2304.74,-2.27265e-26,0,0,0,225865,-112932,-112932,0,0,0,0,0,0,-2304.74,-112932,112932,0,0,0,0,0,0,0,0,0,0,0,0,0,0,0,0,0,0,-119847,-117542,-117542,0,0,0,-2304.74,361845,-119847,0,0,0,0,0,0,0,0,0,0,0,0,-115237,2304.74,112932,0,0,0,0,0,0,0,0,0,0,0,0,0,0,0],
[112932,0,-115237,0,0,0,0,112932,-112932,0,0,0,-117542,-2304.74,112932,0,0,0,0,0,0,-2304.74,-2304.74,4609.48,0,0,0,0,0,0,0,0,0,0,0,0,0,0,0,0,0,0,-4609.48,-2304.74,4609.48,0,0,0,-115237,-119847,246607,0,0,0,0,0,0,0,0,0,0,0,0,112932,0,-112932,0,0,0,0,0,0,0,0,0,0,0,0,0,0,0],
[0,0,0,0,0,0,0,0,0,0,0,0,0,0,0,-75288.2,-76824.7,4.34992e-12,0,0,0,0,0,0,0,0,0,768.247,-1.27929e-13,-6.0604e-28,-768.247,-38412.4,37644.1,0,0,0,36875.9,0,1536.49,768.247,37644.1,-768.247,0,0,0,0,0,0,0,0,0,166710,-82202.5,36875.9,-2.92825e-56,3.78775e-26,-768.247,0,0,0,-768.247,-768.247,-1536.49,0,0,0,-38412.4,-37644.1,-768.247,0,0,0,0,0,0,38412.4,-39948.9,0,768.247,37644.1,-768.247],
[0,0,0,0,0,0,0,0,0,0,0,0,0,0,0,39180.6,36875.9,-39180.6,0,0,0,0,0,0,0,0,0,37644.1,768.247,-768.247,1536.49,38412.4,4.26463e-12,0,0,0,-76056.5,38412.4,-1536.49,-1.21103e-11,-37644.1,-76824.7,0,0,0,0,0,0,0,0,0,-82202.5,244303,33802.9,2.9696e-26,-75288.2,37644.1,0,0,0,-6.0604e-28,-39180.6,0,0,0,0,-2304.74,-2304.74,-37644.1,0,0,0,0,0,0,-768.247,768.247,0,0,768.247,-38412.4],
[0,0,0,0,0,0,0,0,0,0,0,0,0,0,0,-768.247,0,768.247,0,0,0,0,0,0,0,0,0,-768.247,-38412.4,-36875.9,-768.247,36875.9,-768.247,0,0,0,37644.1,36875.9,-1536.49,-40717.1,-2304.74,768.247,0,0,0,0,0,0,0,0,0,36875.9,33802.9,169014,-768.247,-39180.6,0,0,0,0,-39180.6,37644.1,1536.49,0,0,0,-76824.7,-76056.5,768.247,0,0,0,0,0,0,37644.1,-38412.4,768.247,0,-768.247,-36875.9],
[0,0,0,0,0,0,0,0,0,0,0,0,0,0,0,0,0,0,0,0,0,0,0,0,0,0,0,-5.11756e-13,5.11756e-13,-5.11756e-13,4609.48,1.81812e-25,-4609.48,0,0,0,0,0,0,0,0,0,0,0,0,0,0,0,0,0,0,-1.75695e-55,1.78176e-25,-4609.48,9218.97,5.11756e-13,-9218.97,0,0,0,0,0,0,0,0,0,4609.48,-1.78176e-25,0,0,0,0,0,0,0,0,0,0,0,0,0],
[0,0,0,0,0,0,0,0,0,0,0,0,0,0,0,0,0,0,0,0,0,0,0,0,0,0,0,-230474,4609.48,-4609.48,-5.568e-26,-225865,0,0,0,0,0,0,0,0,0,0,0,0,0,0,0,0,0,0,0,2.27265e-25,-451729,-235084,5.11756e-13,474777,-235084,0,0,0,0,0,0,0,0,0,451729,451729,-2.5076e-11,0,0,0,0,0,0,0,0,0,0,0,0],
[0,0,0,0,0,0,0,0,0,0,0,0,0,0,0,0,0,0,0,0,0,0,0,0,0,0,0,225865,2.55878e-11,-5.11756e-13,-4609.48,-3.63624e-27,4609.48,0,0,0,0,0,0,0,0,0,0,0,0,0,0,0,0,0,0,-4609.48,225865,0,-9218.97,-235084,248912,0,0,0,0,0,0,0,0,0,-230474,-221255,2.5076e-11,0,0,0,0,0,0,0,0,0,0,0,0],
[0,0,0,0,0,0,0,0,0,0,0,0,0,0,0,0,0,0,0,0,0,0,0,0,0,0,0,0,0,0,0,0,0,-3.63624e-27,-235084,-4609.48,-451729,225865,225865,0,0,0,0,0,0,0,0,0,0,0,0,0,0,0,0,0,0,474777,-225865,225865,4609.48,225865,-465558,0,0,0,0,0,0,0,0,0,0,0,0,0,0,0,0,0,0],
[0,0,0,0,0,0,0,0,0,0,0,0,0,0,0,0,0,0,0,0,0,0,0,0,0,0,0,0,0,0,0,0,0,0,-1.85448e-25,-4609.48,225865,-221255,1.81812e-25,0,0,0,0,0,0,0,0,0,0,0,0,0,0,0,0,0,0,-225865,239693,-239693,0,1.78176e-25,225865,0,0,0,0,0,0,0,0,0,0,0,0,0,0,0,0,0,0],
[0,0,0,0,0,0,0,0,0,0,0,0,0,0,0,0,0,0,0,0,0,0,0,0,0,0,0,-4609.48,0,4609.48,0,0,0,0,0,4609.48,-230474,221255,-3.63624e-27,0,0,0,0,0,0,0,0,0,0,0,0,0,0,0,0,0,0,225865,-239693,244303,0,0,-225865,0,0,0,0,0,0,0,0,0,0,0,0,0,0,0,0,0,0],
[0,0,0,0,0,0,0,0,0,0,0,0,0,0,0,0,0,0,0,0,0,0,0,0,0,0,0,57618.6,-1152.37,56466.2,0,0,0,-1.81812e-27,-1152.37,-1152.37,-56466.2,-4.5453e-26,4.5453e-26,-112932,56466.2,56466.2,0,-59923.3,-2304.74,0,0,0,0,0,0,-1152.37,-9.09061e-28,-58770.9,0,0,0,1152.37,0,0,183227,-112932,55313.8,0,0,0,0,0,0,0,0,0,0,0,0,1152.37,56466.2,-116389,0,0,0],
[0,0,0,0,0,0,0,0,0,0,0,0,0,0,0,0,0,0,0,0,0,0,0,0,0,0,0,-59923.3,1152.37,-57618.6,0,0,0,-1152.37,-56466.2,-1152.37,1.22812e-11,-53009.1,55313.8,-1152.37,1152.37,0,4.4544e-26,-58770.9,-1152.37,0,0,0,0,0,0,-1152.37,-58770.9,56466.2,0,0,0,56466.2,4.4544e-26,0,-112932,301921,-65685.2,0,0,0,0,0,0,0,0,0,0,0,0,0,4.4544e-26,56466.2,0,0,0],
[0,0,0,0,0,0,0,0,0,0,0,0,0,0,0,0,0,0,0,0,0,0,0,0,0,0,0,9.09061e-28,-9.09061e-28,1152.37,0,0,0,1152.37,56466.2,2304.74,53009.1,-59923.3,-57618.6,-57618.6,111780,-56466.2,0,-58770.9,2304.74,0,0,0,0,0,0,-2304.74,0,2304.74,0,0,0,-116389,56466.2,-56466.2,55313.8,-65685.2,245455,0,0,0,0,0,0,0,0,0,0,0,0,0,0,-56466.2,0,0,0],
[0,0,0,0,0,0,0,0,0,0,0,0,-225865,0,225865,0,0,0,0,0,0,0,9.09061e-28,0,0,0,0,0,0,0,0,0,0,0,0,0,0,0,0,0,0,0,0,0,0,-4609.48,0,0,-4.63621e-26,-230474,225865,0,0,0,0,0,0,0,0,0,0,0,0,244303,-4609.48,-230474,0,0,0,0,0,0,0,0,0,0,0,0,0,0,0],
[0,0,0,0,0,0,0,0,0,0,0,0,225865,4609.48,4609.48,0,0,0,0,0,0,-4609.48,-235084,-235084,0,0,0,0,0,0,0,0,0,0,0,0,0,0,0,0,0,0,0,0,0,0,-225865,225865,-4609.48,4609.48,0,0,0,0,0,0,0,0,0,0,0,0,0,-4609.48,248912,-4609.48,0,0,0,0,0,0,0,0,0,0,0,0,0,0,0],
[0,0,0,0,0,0,0,0,0,0,0,0,225865,0,-230474,0,0,0,0,0,0,-4609.48,0,4609.48,0,0,0,0,0,0,0,0,0,0,0,0,0,0,0,0,0,0,0,0,0,-4609.48,0,0,4.63621e-26,225865,-225865,0,0,0,0,0,0,0,0,0,0,0,0,-230474,-4609.48,244303,0,0,0,0,0,0,0,0,0,0,0,0,0,0,0],
[0,0,0,1152.37,0,0,0,0,0,0,0,0,0,0,0,-57618.6,1.13633e-27,-61075.7,0,0,0,0,0,0,0,0,0,-112932,56466.2,0,-1152.37,-2304.74,-57618.6,0,0,0,-55313.8,-57618.6,-8.90879e-26,-58770.9,0,-57618.6,0,0,0,0,0,0,0,0,0,-57618.6,-3457.11,-115237,1152.37,112932,-57618.6,0,0,0,0,0,0,0,0,0,359540,338797,-114085,0,0,0,0,0,0,0,0,0,0,0,0],
[0,0,0,112932,112932,0,0,0,0,0,0,0,0,0,0,-57618.6,-55313.8,-56466.2,0,0,0,0,0,0,0,0,0,-115237,56466.2,9.09061e-28,-1.42041e-26,0,-56466.2,0,0,0,-116389,-58770.9,-1152.37,-58770.9,-112932,-115237,0,0,0,0,0,0,0,0,0,-56466.2,-3457.11,-114085,-4.4544e-26,112932,-55313.8,0,0,0,0,0,0,0,0,0,338797,475929,-176313,0,0,0,0,0,0,0,0,0,0,0,0],
[0,0,0,-57618.6,-55313.8,0,0,0,0,0,0,0,0,0,0,55313.8,0,57618.6,0,0,0,0,0,0,0,0,0,6.52488e-12,-1152.37,1152.37,-1152.37,-56466.2,56466.2,0,0,0,54161.4,0,-2304.74,-1152.37,56466.2,56466.2,0,0,0,0,0,0,0,0,0,-1152.37,-56466.2,1152.37,0,-6.26901e-12,6.26901e-12,0,0,0,0,0,0,0,0,0,-114085,-176313,184379,0,0,0,0,0,0,0,0,0,0,0,0],
[0,0,0,0,0,0,0,0,0,-2304.74,0,-2304.74,0,0,0,-115237,-115237,110628,-4609.48,6914.23,-2304.74,0,0,0,0,0,0,0,0,0,0,0,0,0,0,0,0,0,0,0,0,0,0,0,0,0,0,0,0,0,0,0,0,0,0,0,0,0,0,0,0,0,0,0,0,0,0,0,0,131370,-4609.48,-4609.48,0,-112932,112932,0,0,0,-1.11928e-25,4609.48,-2304.74],
[0,0,0,0,0,0,0,0,0,-4609.48,0,-112932,0,0,0,2.27265e-27,-110628,0,2304.74,110628,112932,0,0,0,-112932,0,-2.84081e-26,0,0,0,0,0,0,0,0,0,0,0,0,0,0,0,0,0,0,0,0,0,0,0,0,0,0,0,0,0,0,0,0,0,0,0,0,0,0,0,0,0,0,-4609.48,239693,-117542,0,0,0,0,0,0,5.68163e-28,-2304.74,1.81812e-27],
[0,0,0,0,0,0,0,0,0,-115237,-112932,112932,0,0,0,-122151,-112932,115237,-1.13633e-25,2.55878e-13,110628,0,0,0,112932,0,2304.74,0,0,0,0,0,0,0,0,0,0,0,0,0,0,0,0,0,0,0,0,0,0,0,0,0,0,0,0,0,0,0,0,0,0,0,0,0,0,0,0,0,0,-4609.48,-117542,244303,0,-2.84081e-26,2304.74,0,0,0,-8.90879e-26,-115237,0],
[0,0,0,0,0,0,0,0,0,0,0,0,0,0,0,-4609.48,0,-4609.48,0,0,0,0,0,0,0,0,0,0,0,0,4609.48,0,-4609.48,0,0,0,0,0,0,0,0,0,0,0,0,0,0,0,0,0,0,0,0,0,0,0,0,0,0,0,0,0,0,0,0,0,0,0,0,0,0,0,13828.5,-4.5453e-27,-4609.48,0,0,0,-4609.48,9218.97,-4609.48],
[0,0,0,0,0,0,0,0,0,0,0,0,0,0,0,-9218.97,0,-225865,0,0,0,0,0,0,0,0,0,0,0,0,0,-225865,-1.78176e-25,0,0,0,0,0,0,0,0,0,0,0,0,0,0,0,0,0,0,0,0,0,0,0,0,0,0,0,0,0,0,0,0,0,0,0,0,-225865,0,-5.68163e-26,-4.5453e-27,470167,-235084,0,0,0,4.5453e-27,225865,225865],
[0,0,0,0,0,0,0,0,0,0,0,0,0,0,0,-230474,-225865,225865,0,0,0,0,0,0,0,0,0,0,0,0,-4609.48,0,4609.48,0,0,0,0,0,0,0,0,0,0,0,0,0,0,0,0,0,0,0,0,0,0,0,0,0,0,0,0,0,0,0,0,0,0,0,0,225865,0,4609.48,-4609.48,-235084,244303,0,0,0,-2.27265e-25,2.3181e-25,-4609.48],
[0,0,0,0,0,0,0,0,0,0,0,0,0,0,0,0,0,0,2.55858e-13,0,0,0,-1536.49,-1536.49,0,0,0,0,0,0,0,0,0,0,0,0,0,0,0,-75288.2,0,0,-2.42416e-27,-1536.49,-1536.49,0,0,0,0,0,0,76824.7,-1536.49,75288.2,0,0,0,0,0,0,1536.49,0,0,0,0,0,0,0,0,0,0,0,0,0,0,86043.7,-75288.2,-1536.49,-1536.49,0,-78361.2],
[0,0,0,0,0,0,0,0,0,0,0,0,0,0,0,0,0,0,-76824.7,75288.2,0,5.9695e-26,-78361.2,-5.81799e-26,0,0,0,0,0,0,0,0,0,0,0,0,0,0,0,-1.63749e-11,-70678.8,73751.8,-1536.49,-75288.2,-1536.49,0,0,0,0,0,0,-79897.7,1536.49,-76824.7,0,0,0,0,0,0,75288.2,5.9392e-26,0,0,0,0,0,0,0,0,0,0,0,0,0,-75288.2,322664,-7682.47,-1536.49,-78361.2,75288.2],
[0,0,0,0,0,0,0,0,0,0,0,0,0,0,0,0,0,0,0,75288.2,-75288.2,0,-78361.2,1536.49,0,0,0,0,0,0,0,0,0,0,0,0,0,0,0,70678.8,-79897.7,-76824.7,1536.49,75288.2,3072.99,0,0,0,0,0,0,0,0,1536.49,0,0,0,0,0,0,-155186,75288.2,-75288.2,0,0,0,0,0,0,0,0,0,0,0,0,-1536.49,-7682.47,245839,-1536.49,0,1536.49],
[0,0,0,0,0,0,0,0,0,0,0,0,0,0,0,-57618.6,-56466.2,-1152.37,56466.2,-2.84081e-27,-1152.37,0,0,0,0,0,0,0,0,0,0,5.68163e-26,-1152.37,0,0,0,0,0,0,55313.8,3.83787e-13,2304.74,0,0,0,0,0,0,0,0,0,1152.37,0,0,0,0,0,0,0,0,0,0,0,0,0,0,0,0,0,-5.5964e-26,2.84081e-28,-4.4544e-26,-1152.37,1.13633e-27,-5.68163e-26,-1152.37,-1152.37,-1152.37,69142.3,-61075.7,-1152.37],
[0,0,0,0,0,0,0,0,0,0,0,0,0,0,0,-3457.11,-3457.11,-56466.2,-2.45624e-11,2.84081e-27,-115237,0,0,0,0,0,0,0,0,0,0,-112932,56466.2,0,0,0,0,0,0,-114085,57618.6,-2304.74,0,0,0,0,0,0,0,0,0,56466.2,1152.37,-1152.37,0,0,0,0,0,0,0,0,0,0,0,0,0,0,0,2304.74,-1152.37,-57618.6,2304.74,56466.2,5.79526e-26,0,-58770.9,0,-61075.7,301921,53009.1],
[0,0,0,0,0,0,0,0,0,0,0,0,0,0,0,-115237,-114085,1152.37,0,-2304.74,2304.74,0,0,0,0,0,0,0,0,0,-1152.37,-58770.9,3.83787e-13,0,0,0,0,0,0,56466.2,55313.8,-2304.74,0,0,0,0,0,0,0,0,0,-1152.37,-57618.6,-55313.8,0,0,0,0,0,0,0,0,0,0,0,0,0,0,0,-1152.37,9.09061e-28,0,-1152.37,56466.2,-1152.37,-58770.9,56466.2,1152.37,-1152.37,53009.1,188989]])





np.array([[419463,-120999,-115237,0,0,0,1152.37,-57618.6,112932,-55313.8,-58770.9,-2304.74,1152.37,112932,-57618.6,-56466.2,56466.2,56466.2,0,0,0,0,0,0,0,0,0,-55313.8,0,-61075.7,0,0,0,0,0,0,0,0,0,-56466.2,0,53009.1,0,0,0,0,0,0,0,0,0,0,0,0,0,0,0,0,0,0,-112932,56466.2,-57618.6,55313.8,-114085,56466.2,0,0,0,0,0,0,0,0,0,0,0,0,0,0,0],
[-120999,187836,-2304.74,0,0,0,56466.2,2304.74,-58770.9,-57618.6,-59923.3,0,-2304.74,1.81812e-27,-1152.37,-1.81812e-27,1152.37,0,0,0,0,0,0,0,0,0,0,56466.2,-56466.2,-1152.37,0,0,0,0,0,0,0,0,0,-1.49995e-26,-53009.1,-59923.3,0,0,0,0,0,0,0,0,0,0,0,0,0,0,0,0,0,0,56466.2,-55313.8,55313.8,0,57618.6,55313.8,0,0,0,0,0,0,0,0,0,0,0,0,0,0,0],
[-115237,-2304.74,125608,0,0,0,0,1152.37,-1152.37,0,0,-2304.74,0,-112932,56466.2,56466.2,1152.37,-57618.6,0,0,0,0,0,0,0,0,0,1.1136e-26,0,-1152.37,0,0,0,0,0,0,0,0,0,1.1136e-26,55313.8,-57618.6,0,0,0,0,0,0,0,0,0,0,0,0,0,0,0,0,0,0,56466.2,0,9.27242e-26,2304.74,-2304.74,-2304.74,0,0,0,0,0,0,0,0,0,0,0,0,0,0,0],
[0,0,0,419463,336492,-112932,-56466.2,-56466.2,1.00224e-25,-58770.9,-57618.6,56466.2,0,0,0,0,0,0,-57618.6,-3457.11,-115237,0,0,0,0,0,0,0,0,0,0,0,0,0,0,0,-58770.9,0,-59923.3,0,0,0,0,0,0,0,0,0,1152.37,56466.2,-1152.37,0,0,0,0,0,0,0,0,0,0,0,0,-112932,58770.9,-1152.37,0,0,0,0,0,0,-1152.37,-2304.74,-57618.6,-58770.9,-1.44882e-27,-56466.2,0,0,0],
[0,0,0,336492,359540,-117542,-57618.6,-61075.7,1.02269e-25,0,1152.37,0,0,0,0,0,0,0,-56466.2,-3457.11,-114085,0,0,0,0,0,0,0,0,0,0,0,0,0,0,0,-57618.6,1152.37,-56466.2,0,0,0,0,0,0,0,0,0,0,112932,-55313.8,0,0,0,0,0,0,0,0,0,0,0,0,-115237,55313.8,0,0,0,0,0,0,0,0,1.22812e-11,-56466.2,-58770.9,-1.392e-27,-56466.2,0,0,0],
[0,0,0,-112932,-117542,183227,-2304.74,-2.84081e-29,54161.4,-59923.3,-56466.2,56466.2,0,0,0,0,0,0,-1152.37,-56466.2,1152.37,0,0,0,0,0,0,0,0,0,0,0,0,0,0,0,56466.2,0,56466.2,0,0,0,0,0,0,0,0,0,0,-6.39694e-12,1152.37,0,0,0,0,0,0,0,0,0,0,0,0,5.79526e-27,-58770.9,1152.37,0,0,0,0,0,0,-1152.37,-56466.2,56466.2,-2.84081e-29,0,56466.2,0,0,0],
[768.247,37644.1,0,-37644.1,-38412.4,-1536.49,362613,-82202.5,-116005,-39180.6,-39180.6,0,0,0,0,8.57124e-12,75288.2,-39180.6,36875.9,-76056.5,37644.1,0,0,0,0,0,0,0,0,0,0,0,0,0,0,0,0,0,0,-75288.2,-768.247,-38412.4,-37644.1,-8.18745e-12,35339.4,-37644.1,37644.1,37644.1,0,0,0,0,0,0,0,0,0,0,0,0,0,0,0,768.247,-1.63749e-11,-40717.1,0,0,0,0,0,0,0,0,0,768.247,-38412.4,75288.2,0,0,0],
[-38412.4,1536.49,768.247,-37644.1,-40717.1,-1.89388e-29,-82202.5,167478,-42253.6,0,0,0,0,0,0,-1536.49,-37644.1,-768.247,0,38412.4,36875.9,0,0,0,0,0,0,0,0,0,0,0,0,0,0,0,0,0,0,37644.1,768.247,74520,5.9392e-26,-35339.4,-39948.9,0,768.247,0,0,0,0,0,0,0,0,0,0,0,0,0,0,0,0,37644.1,-37644.1,-2304.74,0,0,0,0,0,0,0,0,0,37644.1,1536.49,-39180.6,0,0,0],
[75288.2,-39180.6,-768.247,6.68159e-26,6.81795e-26,36107.6,-116005,-42253.6,204354,-37644.1,-37644.1,37644.1,0,0,0,-8.52926e-12,-37644.1,37644.1,1536.49,-1536.49,-1536.49,0,0,0,0,0,0,0,0,0,0,0,0,0,0,0,0,0,0,37644.1,0,-37644.1,0,36875.9,-38412.4,37644.1,768.247,-38412.4,0,0,0,0,0,0,0,0,0,0,0,0,0,0,0,-768.247,-76824.7,768.247,0,0,0,0,0,0,0,0,0,-6.81795e-26,768.247,-768.247,0,0,0],
[-73751.8,-76824.7,0,-78361.2,0,-79897.7,-78361.2,0,-75288.2,476313,451729,-149040,0,0,0,0,0,0,0,0,0,0,0,0,0,0,0,-150576,75288.2,0,0,0,0,0,0,0,0,0,0,0,0,0,0,0,0,0,0,0,-1536.49,-3072.99,-76824.7,1536.49,150576,-76824.7,0,0,0,0,0,0,0,0,0,-76824.7,-4609.48,-153649,0,0,0,0,0,0,0,0,0,0,0,0,0,0,0],
[-78361.2,-79897.7,0,-76824.7,1536.49,-75288.2,-78361.2,0,-75288.2,451729,476313,-156722,0,0,0,0,0,0,0,0,0,0,0,0,0,0,0,-153649,75288.2,0,0,0,0,0,0,0,0,0,0,0,0,0,0,0,0,0,0,0,-3.0302e-26,0,-75288.2,-1.4848e-26,150576,-73751.8,0,0,0,0,0,0,0,0,0,-75288.2,-4609.48,-152113,0,0,0,0,0,0,0,0,0,0,0,0,0,0,0],
[-3072.99,0,-3072.99,75288.2,0,75288.2,0,0,75288.2,-149040,-156722,162868,0,0,0,0,0,0,0,0,0,0,0,0,0,0,0,7.72701e-27,-1536.49,1536.49,0,0,0,0,0,0,0,0,0,0,0,0,0,0,0,0,0,0,-1536.49,-75288.2,75288.2,0,-7.42399e-27,7.72701e-27,0,0,0,0,0,0,0,0,0,-1536.49,-75288.2,1536.49,0,0,0,0,0,0,0,0,0,0,0,0,0,0,0],
[4609.48,-9218.97,0,0,0,0,0,0,0,0,0,0,9218.97,0,0,7.27248e-27,-4609.48,0,0,0,0,0,0,0,0,0,0,0,0,0,0,0,0,0,0,0,0,0,0,7.27248e-27,-4609.48,4609.48,0,0,0,0,0,0,0,0,0,0,0,0,0,0,0,0,0,0,0,0,0,0,0,0,0,0,0,0,0,0,0,0,0,0,0,0,0,0,0],
[451729,7.27248e-27,-451729,0,0,0,0,0,0,0,0,0,0,474777,-235084,-230474,4609.48,225865,0,0,0,0,0,0,0,0,0,0,0,0,0,0,0,0,0,0,0,0,0,-4609.48,-225865,225865,0,0,0,0,0,0,0,0,0,0,0,0,0,0,0,0,0,0,-235084,7.27248e-27,-3.63624e-25,0,0,0,0,0,0,0,0,0,0,0,0,0,0,0,0,0,0],
[-230474,-4609.48,225865,0,0,0,0,0,0,0,0,0,0,-235084,248912,225865,-6.81795e-26,-225865,0,0,0,0,0,0,0,0,0,0,0,0,0,0,0,0,0,0,0,0,0,-4609.48,-4609.48,9218.97,0,0,0,0,0,0,0,0,0,0,0,0,0,0,0,0,0,0,-4609.48,-4609.48,4609.48,0,0,0,0,0,0,0,0,0,0,0,0,0,0,0,0,0,0],
[-112932,-3.63624e-27,112932,0,0,0,2.57137e-11,-4609.48,-2.55878e-11,0,0,0,3.63624e-27,-115237,112932,126761,-2304.74,-115237,0,0,0,0,0,0,0,0,0,0,0,0,0,0,0,0,0,0,0,0,0,0,0,1.81812e-25,0,-2304.74,2304.74,-2.60995e-11,-2304.74,2.60995e-11,0,0,0,0,0,0,0,0,0,0,0,0,0,0,0,0,0,0,0,0,0,0,0,0,0,0,0,0,0,0,0,0,0],
[112932,2304.74,2304.74,0,0,0,225865,-112932,-112932,0,0,0,-2304.74,2304.74,-3.40898e-26,-2304.74,361845,-119847,0,0,0,0,0,0,0,0,0,0,0,0,0,0,0,0,0,0,0,0,0,-119847,-117542,-117542,-2304.74,-112932,112932,-115237,2304.74,112932,0,0,0,0,0,0,0,0,0,0,0,0,0,0,0,0,0,0,0,0,0,0,0,0,0,0,0,0,0,0,0,0,0],
[112932,0,-115237,0,0,0,-117542,-2304.74,112932,0,0,0,0,112932,-112932,-115237,-119847,246607,0,0,0,0,0,0,0,0,0,0,0,0,0,0,0,0,0,0,0,0,0,-4609.48,-2304.74,4609.48,-2304.74,-2304.74,4609.48,112932,0,-112932,0,0,0,0,0,0,0,0,0,0,0,0,0,0,0,0,0,0,0,0,0,0,0,0,0,0,0,0,0,0,0,0,0],
[0,0,0,-38412.4,-37644.1,-768.247,36875.9,0,1536.49,0,0,0,0,0,0,0,0,0,129066,-42253.6,-39948.9,0,0,0,0,0,0,0,0,0,0,0,0,37644.1,6.0604e-26,1.5151e-28,-3.0302e-28,3.0302e-28,0,0,0,0,-1536.49,-768.247,-1536.49,0,0,0,-39180.6,-39180.6,-768.247,0,0,0,0,0,0,0,0,0,0,0,0,1536.49,37644.1,-7.5755e-27,0,0,0,0,0,0,-1536.49,768.247,-6.0604e-26,37644.1,8.71183e-28,-768.247,1.27929e-13,-38412.4,0],
[0,0,0,-2304.74,-2304.74,-37644.1,-76056.5,38412.4,-1536.49,0,0,0,0,0,0,0,0,0,-42253.6,243534,-5377.73,0,0,0,0,0,0,0,0,0,0,0,0,9.46938e-28,-9.46938e-28,-1536.49,1536.49,-768.247,-38412.4,0,0,0,1.21208e-27,-76824.7,3.86351e-27,0,0,0,-9.65877e-28,-75288.2,37644.1,0,0,0,0,0,0,0,0,0,0,0,0,-768.247,2304.74,0,0,0,0,0,0,0,2304.74,36875.9,8.52926e-14,0,-9.46938e-28,-76824.7,0,37644.1,37644.1],
[0,0,0,-76824.7,-76056.5,768.247,37644.1,36875.9,-1536.49,0,0,0,0,0,0,0,0,0,-39948.9,-5377.73,246607,0,0,0,0,0,0,0,0,0,0,0,0,-768.247,-76824.7,1536.49,-768.247,0,-2.55858e-13,0,0,0,-39180.6,75288.2,768.247,0,0,0,-38412.4,-76824.7,37644.1,0,0,0,0,0,0,0,0,0,0,0,0,74520,-77593,-37644.1,0,0,0,0,0,0,-768.247,37644.1,36875.9,6.19676e-26,-1536.49,1536.49,0,0,-37644.1],
[0,0,0,0,0,0,0,0,0,0,0,0,0,0,0,0,0,0,0,0,0,11523.7,2.55878e-13,-6914.23,-2304.74,4609.48,-2304.74,0,0,0,2304.74,0,-2304.74,0,0,-2304.74,0,0,0,0,0,0,0,0,0,0,0,0,2304.74,0,0,-2304.74,-4.5453e-26,-2304.74,0,0,0,2304.74,-4.4544e-26,-2304.74,0,0,0,0,0,0,0,0,0,0,0,0,0,0,0,0,0,0,0,0,0],
[0,0,0,0,0,0,0,0,0,0,0,0,0,0,0,0,0,0,0,0,0,2.55878e-13,472472,-235084,-115237,115237,110628,0,0,0,0,-112932,0,1.81812e-25,-225865,-117542,0,0,0,0,0,0,0,0,0,0,0,0,112932,225865,-2.53319e-11,-4609.48,0,-112932,0,0,0,2.04539e-25,-112932,-4.09077e-27,0,0,0,0,0,0,0,0,0,0,0,0,0,0,0,0,0,0,0,0,0],
[0,0,0,0,0,0,0,0,0,0,0,0,0,0,0,0,0,0,0,0,0,-6914.23,-235084,246607,112932,1.27939e-11,-2304.74,0,0,0,-2304.74,-1.78176e-25,2304.74,-2304.74,112932,0,0,0,0,0,0,0,0,0,0,0,0,0,-2304.74,-110628,2304.74,-115237,-112932,112932,0,0,0,-2304.74,0,2304.74,0,0,0,0,0,0,0,0,0,0,0,0,0,0,0,0,0,0,0,0,0],
[0,0,0,0,0,0,0,0,0,0,0,0,0,0,0,0,0,0,0,0,0,-768.247,-38412.4,37644.1,166710,-82202.5,36875.9,36875.9,0,1536.49,0,0,0,768.247,37644.1,-768.247,0,0,0,0,0,0,0,0,0,0,0,0,-75288.2,-76824.7,4.34992e-12,-38412.4,-37644.1,-768.247,-768.247,-768.247,-1536.49,-1.05417e-55,6.0604e-26,-768.247,0,0,0,768.247,37644.1,-768.247,768.247,-1.27929e-13,-1.21208e-27,0,0,0,0,0,0,0,0,0,38412.4,-39948.9,0],
[0,0,0,0,0,0,0,0,0,0,0,0,0,0,0,0,0,0,0,0,0,1536.49,38412.4,4.26463e-12,-82202.5,244303,33802.9,-76056.5,38412.4,-1536.49,0,0,0,-1.27929e-13,768.247,-38412.4,0,0,0,0,0,0,0,0,0,0,0,0,39180.6,36875.9,-39180.6,-2304.74,-2304.74,-37644.1,-1.36359e-27,-39180.6,0,6.68159e-26,-75288.2,37644.1,0,0,0,-8.18745e-12,-37644.1,-76824.7,37644.1,768.247,-768.247,0,0,0,0,0,0,0,0,0,-768.247,768.247,0],
[0,0,0,0,0,0,0,0,0,0,0,0,0,0,0,0,0,0,0,0,0,-768.247,36875.9,-768.247,36875.9,33802.9,169014,37644.1,36875.9,-1536.49,0,0,0,0,-768.247,-36875.9,0,0,0,0,0,0,0,0,0,0,0,0,-768.247,0,768.247,-76824.7,-76056.5,768.247,-39180.6,37644.1,1536.49,-768.247,-39180.6,0,0,0,0,-40717.1,-2304.74,768.247,-768.247,-38412.4,-36875.9,0,0,0,0,0,0,0,0,0,37644.1,-38412.4,768.247],
[-36875.9,37644.1,7.42399e-27,0,0,0,0,0,0,-75288.2,-76824.7,3.86351e-27,0,0,0,0,0,0,0,0,0,0,0,0,36875.9,-76056.5,37644.1,400257,-122151,-39180.6,0,0,0,0,0,0,0,0,0,768.247,-2304.74,37644.1,0,0,0,0,0,0,0,0,0,-36875.9,-77593,36107.6,-37644.1,0,35339.4,0,0,0,768.247,75288.2,-39180.6,1536.49,-768.247,74520,-36875.9,4.26463e-12,-40717.1,-75288.2,37644.1,-38412.4,0,0,0,0,0,0,0,0,0],
[0,-37644.1,0,0,0,0,0,0,0,37644.1,37644.1,-768.247,0,0,0,0,0,0,0,0,0,0,0,0,0,38412.4,36875.9,-122151,168246,-3072.99,0,0,0,0,0,0,0,0,0,-768.247,1536.49,-1.06057e-27,0,0,0,0,0,0,0,0,0,-38412.4,-39180.6,3.86351e-27,-6.81795e-26,-35339.4,-39948.9,0,0,0,-1536.49,0,-768.247,37644.1,2304.74,-77593,37644.1,-37644.1,-768.247,37644.1,-36875.9,36875.9,0,0,0,0,0,0,0,0,0],
[-40717.1,-768.247,-768.247,0,0,0,0,0,0,0,0,768.247,0,0,0,0,0,0,0,0,0,0,0,0,1536.49,-1536.49,-1536.49,-39180.6,-3072.99,126761,0,0,0,0,0,0,0,0,0,75288.2,-37644.1,-37644.1,0,0,0,0,0,0,0,0,0,-1.1886e-25,-768.247,-1536.49,6.8028e-26,36875.9,-38412.4,0,0,0,5.9392e-26,-75288.2,38412.4,6.0604e-26,2.55858e-13,-37644.1,1.28556e-25,8.52926e-14,-768.247,37644.1,4.5453e-26,-9.09061e-28,0,0,0,0,0,0,0,0,0],
[0,0,0,0,0,0,0,0,0,0,0,0,0,0,0,0,0,0,0,0,0,4609.48,0,-4609.48,0,0,0,0,0,0,13828.5,-7.27248e-27,-4609.48,-4609.48,9218.97,-4609.48,0,0,0,0,0,0,0,0,0,0,0,0,-4609.48,0,-4609.48,0,0,0,0,0,0,0,0,0,0,0,0,0,0,0,0,0,0,0,0,0,0,0,0,0,0,0,0,0,0],
[0,0,0,0,0,0,0,0,0,0,0,0,0,0,0,0,0,0,0,0,0,0,-225865,-3.56352e-25,0,0,0,0,0,0,-7.27248e-27,470167,-235084,7.27248e-27,225865,225865,0,0,0,0,0,0,0,0,0,0,0,0,-9218.97,0,-225865,0,0,0,0,0,0,0,0,0,0,0,0,0,0,0,0,0,0,0,0,0,-225865,0,-9.09061e-26,0,0,0,0,0,0],
[0,0,0,0,0,0,0,0,0,0,0,0,0,0,0,0,0,0,0,0,0,-4609.48,0,4609.48,0,0,0,0,0,0,-4609.48,-235084,244303,-3.63624e-25,3.70897e-25,-4609.48,0,0,0,0,0,0,0,0,0,0,0,0,-230474,-225865,225865,0,0,0,0,0,0,0,0,0,0,0,0,0,0,0,0,0,0,0,0,0,225865,0,4609.48,0,0,0,0,0,0],
[0,0,0,0,0,0,0,0,0,0,0,0,0,0,0,0,0,0,56466.2,1.42041e-27,-1152.37,0,9.09061e-26,-1152.37,1152.37,-1.91893e-13,0,0,0,0,-1152.37,1.81812e-27,-9.09061e-26,69142.3,-61075.7,-1152.37,0,0,0,0,0,0,0,0,0,0,0,0,-57618.6,-56466.2,-1152.37,0,0,0,0,0,0,0,0,0,0,0,0,55313.8,0,2304.74,0,0,0,0,0,0,-8.95425e-26,4.5453e-28,-8.90879e-26,0,0,0,-1152.37,-1152.37,-1152.37],
[0,0,0,0,0,0,0,0,0,0,0,0,0,0,0,0,0,0,9.09061e-26,-1.42041e-27,-115237,0,-112932,56466.2,56466.2,1152.37,-1152.37,0,0,0,2304.74,56466.2,9.27242e-26,-61075.7,301921,53009.1,0,0,0,0,0,0,0,0,0,0,0,0,-3457.11,-3457.11,-56466.2,0,0,0,0,0,0,0,0,0,0,0,0,-114085,57618.6,-2304.74,0,0,0,0,0,0,2304.74,-1152.37,-57618.6,0,0,0,0,-58770.9,0],
[0,0,0,0,0,0,0,0,0,0,0,0,0,0,0,0,0,0,2.27265e-28,-2304.74,2304.74,-1152.37,-58770.9,0,-1152.37,-57618.6,-55313.8,0,0,0,-1152.37,56466.2,-1152.37,-1152.37,53009.1,188989,0,0,0,0,0,0,0,0,0,0,0,0,-115237,-114085,1152.37,0,0,0,0,0,0,0,0,0,0,0,0,56466.2,55313.8,-2304.74,0,0,0,0,0,0,-1152.37,1.81812e-27,-3.83787e-13,0,0,0,-58770.9,56466.2,1152.37],
[0,0,0,-235084,-230474,225865,0,0,0,0,0,0,0,0,0,0,0,0,-1.81812e-27,9218.97,-4609.48,0,0,0,0,0,0,0,0,0,0,0,0,0,0,0,248912,-9218.97,-4609.48,0,0,0,0,0,0,0,0,0,0,0,0,0,0,0,0,0,0,0,0,0,0,0,0,0,0,0,0,0,0,0,0,0,0,-225865,225865,-4609.48,4609.48,0,0,0,0],
[0,0,0,0,4609.48,0,0,0,0,0,0,0,0,0,0,0,0,0,1.81812e-27,-4609.48,0,0,0,0,0,0,0,0,0,0,0,0,0,0,0,0,-9218.97,9218.97,0,0,0,0,0,0,0,0,0,0,0,0,0,0,0,0,0,0,0,0,0,0,0,0,0,0,0,0,0,0,0,0,0,0,0,0,0,4609.48,-4609.48,0,0,0,0],
[0,0,0,-239693,-225865,225865,0,0,0,0,0,0,0,0,0,0,0,0,0,-230474,-1.53515e-12,0,0,0,0,0,0,0,0,0,0,0,0,0,0,0,-4609.48,0,244303,0,0,0,0,0,0,0,0,0,0,0,0,0,0,0,0,0,0,0,0,0,0,0,0,0,0,0,0,0,0,0,0,0,0,-9.09061e-26,4609.48,0,0,225865,0,0,0],
[-37644.1,-9.99967e-27,7.42399e-27,0,0,0,-75288.2,37644.1,37644.1,0,0,0,1.21208e-27,-768.247,-768.247,0,-39948.9,-1536.49,0,0,0,0,0,0,0,0,0,768.247,-768.247,75288.2,0,0,0,0,0,0,0,0,0,164405,-76056.5,-1536.49,768.247,36875.9,-77593,0,0,0,0,0,0,0,0,0,0,4.4544e-26,0,0,0,0,768.247,-38412.4,37644.1,-768.247,-1536.49,-39180.6,0,0,0,0,0,0,0,0,0,0,0,0,-1.81812e-27,-768.247,768.247],
[0,-35339.4,36875.9,0,0,0,-768.247,768.247,0,0,0,0,-768.247,-37644.1,-768.247,0,-39180.6,-768.247,0,0,0,0,0,0,0,0,0,-2304.74,1536.49,-37644.1,0,0,0,0,0,0,0,0,0,-76056.5,321896,-83739,-38412.4,768.247,75288.2,0,0,0,0,0,0,0,0,0,-39948.9,-39180.6,-39180.6,0,0,0,36875.9,768.247,4.80287e-26,74520,-76824.7,-1.63749e-11,0,0,0,0,0,0,0,0,0,0,0,0,-768.247,-37644.1,37644.1],
[35339.4,-39948.9,-38412.4,0,0,0,-38412.4,74520,-37644.1,0,0,0,768.247,37644.1,1536.49,6.0604e-26,-39180.6,1536.49,0,0,0,0,0,0,0,0,0,37644.1,-1.06057e-27,-37644.1,0,0,0,0,0,0,0,0,0,-1536.49,-83739,245839,37644.1,0,-75288.2,0,0,0,0,0,0,0,0,0,-1536.49,-768.247,1536.49,0,0,0,-77593,75288.2,-75288.2,-40717.1,-768.247,39180.6,0,0,0,0,0,0,0,0,0,0,0,0,-768.247,-768.247,1536.49],
[0,0,0,0,0,0,-56466.2,8.90879e-26,0,0,0,0,0,0,0,0,-1152.37,-1152.37,-2304.74,1.81812e-27,-58770.9,0,0,0,0,0,0,0,0,0,0,0,0,0,0,0,0,0,0,1152.37,-57618.6,56466.2,125608,-57618.6,-58770.9,0,-1152.37,-1152.37,0,0,0,0,0,0,0,0,0,0,0,0,0,0,0,1152.37,-1152.37,112932,0,0,0,0,0,0,0,0,0,0,1.13633e-28,0,0,2.55878e-13,0],
[0,0,0,0,0,0,-1.22812e-11,-53009.1,55313.8,0,0,0,0,0,0,-1152.37,-56466.2,-1152.37,-1152.37,-115237,112932,0,0,0,0,0,0,0,0,0,0,0,0,0,0,0,0,0,0,55313.8,1152.37,0,-57618.6,304226,-6914.23,2.55878e-13,-58770.9,0,0,0,0,0,0,0,0,0,0,0,0,0,0,0,0,-3457.11,2304.74,-56466.2,0,0,0,0,0,0,0,0,0,-57618.6,56466.2,0,-1152.37,-58770.9,-58770.9],
[0,0,0,0,0,0,53009.1,-59923.3,-57618.6,0,0,0,0,0,0,1152.37,56466.2,2304.74,-2304.74,5.79526e-27,1152.37,0,0,0,0,0,0,0,0,0,0,0,0,0,0,0,0,0,0,-116389,112932,-112932,-58770.9,-6914.23,245455,0,-58770.9,1152.37,0,0,0,0,0,0,0,0,0,0,0,0,0,0,0,56466.2,-1.36359e-27,-56466.2,0,0,0,0,0,0,0,0,0,5.568e-27,56466.2,-56466.2,-1152.37,-6.49978e-26,1152.37],
[0,0,0,0,0,0,-225865,0,225865,0,0,0,0,0,0,-5.21991e-11,-230474,225865,0,0,0,0,0,0,0,0,0,0,0,0,0,0,0,0,0,0,0,0,0,0,0,0,0,1.02351e-12,0,244303,-4609.48,-230474,0,0,0,0,0,0,0,0,0,0,0,0,0,0,0,0,0,0,0,0,0,0,0,0,0,0,0,-4609.48,0,0,0,0,0],
[0,0,0,0,0,0,225865,4609.48,4609.48,0,0,0,0,0,0,-4609.48,4609.48,0,0,0,0,0,0,0,0,0,0,0,0,0,0,0,0,0,0,0,0,0,0,0,0,0,-4609.48,-235084,-235084,-4609.48,248912,-4609.48,0,0,0,0,0,0,0,0,0,0,0,0,0,0,0,0,0,0,0,0,0,0,0,0,0,0,0,0,-225865,225865,0,0,0],
[0,0,0,0,0,0,225865,0,-230474,0,0,0,0,0,0,5.21991e-11,225865,-225865,0,0,0,0,0,0,0,0,0,0,0,0,0,0,0,0,0,0,0,0,0,0,0,0,-4609.48,0,4609.48,-230474,-4609.48,244303,0,0,0,0,0,0,0,0,0,0,0,0,0,0,0,0,0,0,0,0,0,0,0,0,0,0,0,-4609.48,0,0,0,0,0],
[0,0,0,768.247,0,0,0,0,0,-768.247,-1.5151e-26,-768.247,0,0,0,0,0,0,-39180.6,-9.65877e-28,-38412.4,768.247,37644.1,-768.247,-75288.2,39180.6,-768.247,0,0,0,-768.247,-1536.49,-38412.4,-38412.4,-2304.74,-76824.7,0,0,0,0,0,0,0,0,0,0,0,0,283483,224328,-77593,-38412.4,-38412.4,36875.9,0,0,0,0,0,0,0,0,0,-38412.4,-36107.6,-768.247,0,0,0,0,0,0,-38412.4,1.21208e-27,-40717.1,0,0,0,0,0,0],
[0,0,0,37644.1,75288.2,-4.26463e-12,0,0,0,-1536.49,0,-37644.1,0,0,0,0,0,0,-39180.6,-75288.2,-76824.7,0,75288.2,-36875.9,-76824.7,36875.9,0,0,0,0,0,0,-37644.1,-37644.1,-2304.74,-76056.5,0,0,0,0,0,0,0,0,0,0,0,0,224328,397184,-156722,8.78759e-27,-36875.9,-1.5151e-28,0,0,0,0,0,0,0,0,0,-76824.7,-2304.74,36875.9,0,0,0,0,0,0,-38412.4,-36875.9,-37644.1,0,0,0,0,0,0],
[0,0,0,-768.247,-36875.9,768.247,0,0,0,-38412.4,-37644.1,37644.1,0,0,0,0,0,0,-768.247,37644.1,37644.1,0,-8.44397e-12,768.247,4.34992e-12,-39180.6,768.247,0,0,0,-768.247,-37644.1,37644.1,-768.247,-37644.1,768.247,0,0,0,0,0,0,0,0,0,0,0,0,-77593,-156722,204354,-40717.1,-37644.1,38412.4,0,0,0,0,0,0,0,0,0,36107.6,8.52926e-14,35339.4,0,0,0,0,0,0,36875.9,0,38412.4,0,0,0,0,0,0],
[0,0,0,0,0,0,0,0,0,1152.37,-1.1136e-26,0,0,0,0,0,0,0,0,0,0,-1152.37,-2304.74,-57618.6,-57618.6,-3457.11,-115237,-55313.8,-57618.6,-1.78289e-25,0,0,0,0,0,0,0,0,0,0,0,0,0,0,0,0,0,0,-57618.6,1.31814e-26,-61075.7,359540,338797,-114085,0,0,0,1152.37,112932,-57618.6,0,0,0,-58770.9,1.1136e-26,-57618.6,-112932,56466.2,0,0,0,0,0,0,0,0,0,0,0,0,0],
[0,0,0,0,0,0,0,0,0,112932,112932,-5.568e-27,0,0,0,0,0,0,0,0,0,-2.27265e-26,0,-56466.2,-56466.2,-3457.11,-114085,-116389,-58770.9,-1152.37,0,0,0,0,0,0,0,0,0,0,0,0,0,0,0,0,0,0,-57618.6,-55313.8,-56466.2,338797,475929,-176313,0,0,0,-1.00224e-25,112932,-55313.8,0,0,0,-58770.9,-112932,-115237,-115237,56466.2,1.81812e-27,0,0,0,0,0,0,0,0,0,0,0,0],
[0,0,0,0,0,0,0,0,0,-57618.6,-55313.8,5.79526e-27,0,0,0,0,0,0,0,0,0,-1152.37,-56466.2,56466.2,-1152.37,-56466.2,1152.37,54161.4,5.79526e-27,-2304.74,0,0,0,0,0,0,0,0,0,0,0,0,0,0,0,0,0,0,55313.8,-2.27265e-28,57618.6,-114085,-176313,184379,0,0,0,0,-6.26901e-12,6.26901e-12,0,0,0,-1152.37,56466.2,56466.2,6.52488e-12,-1152.37,1152.37,0,0,0,0,0,0,0,0,0,0,0,0],
[0,0,0,0,0,0,0,0,0,0,0,0,0,0,0,0,0,0,0,0,0,0,0,0,-1152.37,-2.04539e-27,-58770.9,-56466.2,-1.02269e-25,1.02042e-25,0,0,0,0,0,0,0,0,0,0,-59923.3,-2304.74,0,0,0,0,0,0,0,0,0,0,0,0,183227,-112932,55313.8,0,0,0,-2.72718e-27,-1152.37,-1152.37,-112932,56466.2,56466.2,57618.6,-1152.37,56466.2,1152.37,0,0,0,0,0,0,0,0,1152.37,56466.2,-116389],
[0,0,0,0,0,0,0,0,0,0,0,0,0,0,0,0,0,0,0,0,0,0,0,0,-1152.37,-58770.9,56466.2,0,-53009.1,55313.8,0,0,0,0,0,0,0,0,0,6.68159e-26,-58770.9,-1152.37,0,0,0,0,0,0,0,0,0,0,0,0,-112932,301921,-65685.2,0,0,0,-1152.37,-56466.2,-1152.37,-1152.37,1152.37,0,-59923.3,1152.37,-57618.6,56466.2,6.68159e-26,0,0,0,0,0,0,0,0,6.68159e-26,56466.2],
[0,0,0,0,0,0,0,0,0,0,0,0,0,0,0,0,0,0,0,0,0,0,0,0,-2304.74,0,2304.74,53009.1,-59923.3,-57618.6,0,0,0,0,0,0,0,0,0,0,-58770.9,2304.74,0,0,0,0,0,0,0,0,0,0,0,0,55313.8,-65685.2,245455,0,0,0,1152.37,56466.2,2304.74,-57618.6,111780,-56466.2,2.04539e-27,-2.04539e-27,1152.37,-116389,56466.2,-56466.2,0,0,0,0,0,0,0,0,-56466.2],
[0,0,0,0,0,0,0,0,0,0,0,0,0,0,0,0,0,0,0,0,0,4609.48,4.09077e-25,-4609.48,-6.32502e-55,4.00896e-25,-4609.48,0,0,0,0,0,0,0,0,0,0,0,0,0,0,0,0,0,0,0,0,0,0,0,0,4609.48,-4.00896e-25,0,0,0,0,9218.97,5.11756e-13,-9218.97,0,0,0,0,0,0,-5.11756e-13,5.11756e-13,-5.11756e-13,0,0,0,0,0,0,0,0,0,0,0,0],
[0,0,0,0,0,0,0,0,0,0,0,0,0,0,0,0,0,0,0,0,0,-8.90879e-26,-225865,0,3.63624e-25,-451729,-235084,0,0,0,0,0,0,0,0,0,0,0,0,0,0,0,0,0,0,0,0,0,0,0,0,451729,451729,-2.5076e-11,0,0,0,5.11756e-13,474777,-235084,0,0,0,0,0,0,-230474,4609.48,-4609.48,0,0,0,0,0,0,0,0,0,0,0,0],
[0,0,0,0,0,0,0,0,0,0,0,0,0,0,0,0,0,0,0,0,0,-4609.48,-8.18154e-27,4609.48,-4609.48,225865,0,0,0,0,0,0,0,0,0,0,0,0,0,0,0,0,0,0,0,0,0,0,0,0,0,-230474,-221255,2.5076e-11,0,0,0,-9218.97,-235084,248912,0,0,0,0,0,0,225865,2.55878e-11,-5.11756e-13,0,0,0,0,0,0,0,0,0,0,0,0],
[-225865,112932,112932,0,0,0,0,0,0,0,0,0,0,-117542,-2304.74,0,0,0,0,0,0,0,0,0,0,0,0,2304.74,-4609.48,1.78176e-25,0,0,0,0,0,0,0,0,0,2304.74,110628,-232779,0,0,0,0,0,0,0,0,0,0,0,0,-5.45436e-27,-2304.74,2304.74,0,0,0,241998,-112932,112932,0,0,0,0,0,0,-2.72718e-27,0,0,0,0,0,0,0,0,0,0,0],
[112932,-110628,0,0,0,0,0,0,0,0,0,0,0,3.63624e-27,-2304.74,0,0,0,0,0,0,0,0,0,0,0,0,225865,0,-225865,0,0,0,0,0,0,0,0,0,-115237,2304.74,225865,0,0,0,0,0,0,0,0,0,0,0,0,-2304.74,-112932,112932,0,0,0,-112932,357235,-237388,0,0,0,0,0,0,-117542,-1.39086e-25,0,0,0,0,0,0,0,0,0,0],
[-115237,110628,1.85448e-25,0,0,0,0,0,0,0,0,0,0,-1.81812e-25,2304.74,0,0,0,0,0,0,0,0,0,0,0,0,-117542,-2304.74,115237,0,0,0,0,0,0,0,0,0,112932,1.44086e-25,-225865,0,0,0,0,0,0,0,0,0,0,0,0,-2304.74,-2304.74,4609.48,0,0,0,112932,-237388,246607,0,0,0,0,0,0,-2304.74,-2304.74,2304.74,0,0,0,0,0,0,0,0,0],
[18437.9,0,768.247,-37644.1,-38412.4,1.93175e-27,384.124,18822.1,-384.124,-19206.2,-18822.1,-384.124,0,0,0,0,0,0,768.247,-384.124,37260,0,0,0,384.124,-4.09373e-12,-20358.6,768.247,18822.1,3.0302e-26,0,0,0,18437.9,-38028.2,18822.1,0,0,0,-384.124,37260,-20358.6,384.124,-1152.37,18822.1,0,0,0,-19206.2,-38412.4,18053.8,-19590.3,-19590.3,-384.124,-37644.1,-384.124,-19206.2,0,0,0,0,0,0,264661,-82202.5,-39564.7,0,0,0,0,0,0,0,0,0,0,0,0,-18822.1,0,17669.7],
[-38028.2,19206.2,-768.247,19590.3,18437.9,-19590.3,-8.18745e-12,-18822.1,-38412.4,-1152.37,-1152.37,-18822.1,0,0,0,0,0,0,18822.1,1152.37,-38796.5,0,0,0,18822.1,-18822.1,-1152.37,-384.124,1152.37,1.27929e-13,0,0,0,0,19206.2,18437.9,0,0,0,-768.247,-38412.4,-384.124,-384.124,768.247,-4.5453e-28,0,0,0,-18053.8,-1152.37,4.26463e-14,3.712e-27,-37644.1,18822.1,18822.1,384.124,37260,0,0,0,0,0,0,-82202.5,205890,-4225.36,0,0,0,0,0,0,0,0,0,0,0,0,0,-17669.7,-19974.4],
[18822.1,18437.9,-768.247,-384.124,0,384.124,-20358.6,-1152.37,384.124,-38412.4,-38028.2,384.124,0,0,0,0,0,0,-3.78775e-27,0,-18822.1,0,0,0,-384.124,-38412.4,384.124,37260,-38796.5,-18822.1,0,0,0,768.247,-768.247,-768.247,0,0,0,-19590.3,-8.18745e-12,19590.3,37644.1,-18822.1,-18822.1,0,0,0,-384.124,18437.9,17669.7,-19206.2,-38412.4,18822.1,18822.1,0,-18822.1,0,0,0,0,0,0,-39564.7,-4225.36,186684,0,0,0,0,0,0,0,0,0,0,0,0,0,18437.9,-19206.2],
[0,0,0,0,0,0,0,0,0,0,0,0,0,0,0,0,0,0,0,0,0,0,0,0,2304.74,112932,-2304.74,-110628,112932,3.85669e-25,0,0,0,0,0,0,0,0,0,0,0,0,0,0,0,0,0,0,0,0,0,-225865,-230474,1.30498e-11,115237,-119847,4.09077e-27,-2.55878e-13,-115237,112932,0,0,0,0,0,0,361845,-124456,112932,0,0,-2304.74,0,0,0,0,0,0,0,0,0],
[0,0,0,0,0,0,0,0,0,0,0,0,0,0,0,0,0,0,0,0,0,0,0,0,-3.83787e-13,2304.74,-115237,1.27939e-11,-112932,2.55878e-13,0,0,0,0,0,0,0,0,0,0,0,0,0,0,0,0,0,0,0,0,0,112932,112932,-2304.74,-2304.74,2304.74,-4.09077e-27,2.55878e-13,2304.74,1.27939e-11,0,0,0,0,0,0,-124456,129066,-4609.48,0,0,0,0,0,0,0,0,0,0,0,0],
[0,0,0,0,0,0,0,0,0,0,0,0,0,0,0,0,0,0,0,0,0,0,0,0,-3.63624e-27,-2304.74,-110628,-122151,-2304.74,-2304.74,0,0,0,0,0,0,0,0,0,0,0,0,0,0,0,0,0,0,0,0,0,0,3.63624e-27,2304.74,112932,-115237,2304.74,-2.55878e-13,-2304.74,-2.55878e-13,0,0,0,0,0,0,112932,-4609.48,129066,0,0,2304.74,0,0,0,0,0,0,0,0,0],
[0,0,0,0,0,0,0,0,0,0,0,0,0,0,0,0,0,0,0,0,0,0,0,0,0,0,0,-451729,225865,225865,0,0,0,0,0,0,0,0,0,0,0,0,0,0,0,0,0,0,0,0,0,0,0,0,4609.48,225865,-465558,0,0,0,-5.45436e-27,-235084,-4609.48,0,0,0,0,0,0,474777,-225865,225865,0,0,0,0,0,0,0,0,0],
[0,0,0,0,0,0,0,0,0,0,0,0,0,0,0,0,0,0,0,0,0,0,0,0,0,0,0,225865,-221255,2.72718e-25,0,0,0,0,0,0,0,0,0,0,0,0,0,0,0,0,0,0,0,0,0,0,0,0,0,2.67264e-25,225865,0,0,0,0,-2.78173e-25,-4609.48,0,0,0,0,0,0,-225865,239693,-239693,0,0,0,0,0,0,0,0,0],
[0,0,0,0,0,0,0,0,0,0,0,0,0,0,0,0,0,0,0,0,0,0,0,0,0,0,0,-230474,221255,-5.45436e-27,0,0,0,0,0,0,0,0,0,0,0,0,0,0,0,0,0,0,0,0,0,0,0,0,0,0,-225865,0,0,0,0,0,4609.48,0,0,0,-4609.48,0,4609.48,225865,-239693,244303,0,0,0,0,0,0,0,0,0],
[0,0,0,-2304.74,0,-2304.74,0,0,0,0,0,0,0,0,0,0,0,0,-4609.48,6914.23,-2304.74,0,0,0,0,0,0,0,0,0,0,-112932,112932,-1.79085e-25,4609.48,-2304.74,0,0,0,0,0,0,0,0,0,0,0,0,-115237,-115237,110628,0,0,0,0,0,0,0,0,0,0,0,0,0,0,0,0,0,0,0,0,0,131370,-4609.48,-4609.48,0,0,0,0,0,0],
[0,0,0,-4609.48,2.45624e-11,-112932,0,0,0,0,0,0,0,0,0,0,0,0,2304.74,110628,112932,0,0,0,0,0,0,0,0,0,0,0,0,9.09061e-28,-2304.74,3.63624e-27,-112932,0,-4.5453e-26,0,0,0,0,0,0,0,0,0,3.63624e-27,-110628,0,0,0,0,0,0,0,0,0,0,0,0,0,0,0,0,0,0,0,0,0,0,-4609.48,239693,-117542,0,0,0,0,0,0],
[0,0,0,-115237,-112932,112932,0,0,0,0,0,0,0,0,0,0,0,0,-1.81812e-25,2.55878e-13,110628,0,0,0,0,0,0,0,0,0,0,-4.5453e-26,2304.74,-1.78176e-25,-115237,-7.67574e-13,112932,0,2304.74,0,0,0,0,0,0,0,0,0,-122151,-112932,115237,0,0,0,0,0,0,0,0,0,0,0,0,0,0,0,0,0,0,0,0,0,-4609.48,-117542,244303,0,0,0,0,0,0],
[0,0,0,-117542,-117542,-5.68163e-29,2304.74,112932,-2.04539e-25,0,0,0,0,0,0,0,0,0,112932,0,1.85903e-25,0,0,0,0,0,0,0,0,0,0,0,0,0,0,0,-2304.74,2304.74,0,0,0,0,0,-115237,1.1136e-26,-2304.74,0,-2304.74,0,0,0,0,0,0,0,0,0,0,0,0,0,0,0,0,0,0,0,0,0,0,0,0,0,0,0,248912,-4609.48,-117542,0,0,0],
[0,0,0,-2.89763e-27,-2.784e-27,0,-115237,4609.48,2304.74,0,0,0,0,0,0,0,0,0,2.61355e-27,-2.84081e-27,-4609.48,0,0,0,0,0,0,0,0,0,0,0,0,0,0,0,2304.74,-2304.74,0,0,0,0,2.27265e-28,112932,112932,0,-112932,0,0,0,0,0,0,0,0,0,0,0,0,0,0,0,0,0,0,0,0,0,0,0,0,0,0,0,0,-4609.48,126761,-122151,0,0,0],
[0,0,0,-112932,-112932,112932,225865,-117542,-2304.74,0,0,0,0,0,0,0,0,0,-2304.74,-230474,4609.48,0,0,0,0,0,0,0,0,0,0,0,0,0,0,0,0,0,112932,0,0,0,0,0,-112932,0,112932,0,0,0,0,0,0,0,0,0,0,0,0,0,0,0,0,0,0,0,0,0,0,0,0,0,0,0,0,-117542,-122151,361845,0,0,0],
[0,0,0,0,0,0,0,0,0,0,0,0,0,0,0,0,0,0,2.55858e-13,0,0,0,0,0,76824.7,-1536.49,75288.2,0,0,0,0,0,0,-1536.49,0,-78361.2,0,0,0,-3.63624e-27,-1536.49,-1536.49,0,-1536.49,-1536.49,0,0,0,0,0,0,0,0,0,1536.49,0,0,0,0,0,0,0,0,-75288.2,0,0,0,0,0,0,0,0,0,0,0,0,0,0,86043.7,-75288.2,-1536.49],
[0,0,0,0,0,0,0,0,0,0,0,0,0,0,0,0,0,0,-76824.7,75288.2,0,0,0,0,-79897.7,1536.49,-76824.7,0,0,0,0,0,0,-1536.49,-78361.2,75288.2,0,0,0,-1536.49,-75288.2,-1536.49,3.4117e-13,-78361.2,-8.66638e-26,0,0,0,0,0,0,0,0,0,75288.2,8.90879e-26,0,0,0,0,0,0,0,0,-70678.8,73751.8,0,0,0,0,0,0,0,0,0,0,0,0,-75288.2,322664,-7682.47],
[0,0,0,0,0,0,0,0,0,0,0,0,0,0,0,0,0,0,0,75288.2,-75288.2,0,0,0,0,0,1536.49,0,0,0,0,0,0,-1536.49,0,1536.49,0,0,0,1536.49,75288.2,3072.99,0,-78361.2,1536.49,0,0,0,0,0,0,0,0,0,-155186,75288.2,-75288.2,0,0,0,0,0,0,70678.8,-79897.7,-76824.7,0,0,0,0,0,0,0,0,0,0,0,0,-1536.49,-7682.47,245839]])





