-63.7531
 179.946
-0.61154
 61.7656
-10.3962
  55.803
-165.269
 72.9262
 1.98751
-271.524
 2.75193
-134.845
-2.75193
-187.131
 116.498
 -11.925
-308.216
 13.7597
-135.762
-263.956
 8.94378
 47.5473
 2.75193
 20.7924
 12.8423
 49.5348
-91.9604
-129.341
 300.878
 -255.93
 35.7751
 -156.86
-28.4366
-147.228
 164.657
-227.034
 86.6858
-149.522
 110.536
-46.0948
 58.9372
 37.0746
 5.50386
-5.50386
 42.0434
-188.354
 -180.71
-15.2885
-16.5116
 60.5425
 42.4256
-128.423
-245.151
-17.1996
 13.7597
 32.8703
-95.2474
-148.604
 43.1136
 46.7828
 315.555
-104.573
 115.122
 14.2948
 33.0996
 27.1371
 106.408
-2.44616
 35.1636
 108.472
-32.1059
-5.04521
 49.8405
 28.1308
 -14.677
 16.5116
 413.707
-290.787
  14.677
-324.728
 158.695
 27.0607
 117.416
 15.8236
 11.0077
 33.9405
 15.3649
 19.8751
 29.5068
-129.799
 94.9416
-153.191
 105.949
 68.6454
-16.2058
 1.22308
-125.672
 253.178
-307.299
 192.635
-104.573
 102.739
 13.7597
 1.37597
-20.1808
0.764425
 133.163
-34.2463